2
4
4
5
0.078432 0.385620 0.369280 0.166667 
0.304233 0.232804 0.177249 0.285714 
0.248021 0.229552 0.211082 0.311345 
0.233983 0.303621 0.161560 0.300835 
0.255061 0.477731 0.125507 0.141701 
0.524688 0.123458 0.351851 0.000003 
0.155463 0.092438 0.222689 0.529409 
0.131903 0.196319 0.380367 0.291411 
0.304020 0.183417 0.208543 0.304020 
0.126437 0.166667 0.235632 0.183908 0.287356 
0.350339 0.200680 0.275510 0.020410 0.153062 
0.034684 0.716756 0.023124 0.017344 0.208092 
0.421231 0.359588 0.065070 0.154110 0.000002 
0.009855 0.172414 0.231527 0.300491 0.285713 
0.098292 0.205128 0.166667 0.252136 0.277777 
0.185185 0.527774 0.097223 0.175926 0.013891 
0.078653 0.382020 0.016857 0.460670 0.061800 
0.340706 0.353981 0.101771 0.022126 0.181416 
0.184713 0.157113 0.218684 0.220807 0.218684 
0.220458 0.206349 0.179894 0.183422 0.209877 
0.051645 0.323942 0.112677 0.450701 0.061034 
0.219731 0.266816 0.246637 0.224215 0.042602 
0.318435 0.075420 0.075420 0.223464 0.307262 
0.292682 0.004880 0.126830 0.473167 0.102440 
0.262295 0.084700 0.068307 0.256830 0.327868 
