4
4
5
0.404762 0.206349 0.317460 0.071429 
0.261682 0.327103 0.127726 0.283489 
0.274336 0.106195 0.353982 0.265487 
0.421245 0.036630 0.366300 0.175824 
0.138211 0.439024 0.142276 0.280488 
0.158065 0.132258 0.361290 0.348387 
0.324561 0.381579 0.052632 0.241228 
0.538813 0.000000 0.063927 0.397260 
0.161654 0.413534 0.248120 0.176692 
0.324818 0.109489 0.102190 0.065693 0.397810 
0.269972 0.179063 0.256198 0.217631 0.077135 
0.061453 0.698324 0.128492 0.067039 0.044693 
0.293948 0.210375 0.236311 0.002882 0.256484 
