14
32
5

0.008619 0.119675 0.079537 0.000246 0.060084 0.113026 0.101207 0.101453 0.099237 0.073873 0.066732 0.101207 0.003448 0.071657 

0.112441 0.097323 0.041260 0.086614 0.131023 0.002520 0.136693 0.060158 0.057638 0.028662 0.017638 0.114016 0.028662 0.085354 
0.016937 0.069219 0.102602 0.090329 0.052528 0.030437 0.077810 0.046392 0.110456 0.077320 0.090329 0.110947 0.056210 0.068483 
0.150445 0.061424 0.023739 0.028783 0.017211 0.132641 0.133234 0.127893 0.031454 0.004154 0.144213 0.124926 0.008309 0.011573 
0.096510 0.080523 0.098265 0.031585 0.086177 0.075843 0.088126 0.088321 0.099630 0.024566 0.044063 0.081302 0.037629 0.067460 
0.123940 0.020170 0.044432 0.087986 0.030985 0.019293 0.058170 0.125694 0.110786 0.135633 0.100263 0.081847 0.000292 0.060509 
0.071391 0.117492 0.072708 0.109062 0.092466 0.041359 0.038725 0.020285 0.056902 0.097734 0.051370 0.046892 0.094837 0.088778 
0.120010 0.037193 0.101661 0.098190 0.037689 0.119266 0.001984 0.014629 0.105381 0.098934 0.007439 0.089511 0.115299 0.052814 
0.097965 0.061040 0.100477 0.125848 0.028887 0.079628 0.042452 0.116805 0.071590 0.068325 0.083898 0.092188 0.005526 0.025371 
0.020700 0.090931 0.110153 0.095860 0.111138 0.122474 0.000247 0.061607 0.099310 0.052243 0.027846 0.115081 0.023903 0.068507 
0.014175 0.109536 0.124033 0.030606 0.080541 0.070876 0.074420 0.055090 0.050580 0.112113 0.089562 0.048003 0.113080 0.027384 
0.100683 0.117504 0.100439 0.117504 0.049732 0.013652 0.015358 0.099707 0.117260 0.104339 0.057777 0.012433 0.001463 0.092150 
0.170773 0.008214 0.017454 0.015058 0.097878 0.128337 0.157084 0.022587 0.111910 0.047912 0.037988 0.090007 0.005476 0.089322 
0.038656 0.076554 0.083628 0.062911 0.030318 0.075543 0.098029 0.121021 0.098029 0.026781 0.007580 0.084386 0.087418 0.109146 
0.049685 0.113669 0.085797 0.063257 0.106156 0.108822 0.075860 0.020601 0.055259 0.027145 0.060591 0.028114 0.095250 0.109792 

0.063956 0.020813 0.026327 0.006478 0.020124 0.011716 0.019573 0.035424 0.008684 0.035975 0.069056 0.001378 0.006616 0.055686 0.052653 0.057478 0.043143 0.038594 0.008684 0.029221 0.009649 0.065196 0.000276 0.004962 0.055961 0.035562 0.011578 0.034872 0.011440 0.060786 0.032943 0.065196 
0.006704 0.007183 0.032443 0.015204 0.047049 0.060338 0.048126 0.008739 0.005746 0.043218 0.030408 0.032204 0.000000 0.040943 0.059140 0.036035 0.049324 0.042500 0.021310 0.017359 0.030767 0.015922 0.000120 0.008739 0.043338 0.031965 0.057345 0.020831 0.057225 0.059978 0.029810 0.039986 
0.024711 0.009251 0.058064 0.018381 0.040536 0.013634 0.054047 0.021668 0.003774 0.044918 0.053804 0.034814 0.008399 0.043579 0.048448 0.026050 0.059525 0.026780 0.046744 0.011808 0.019111 0.039805 0.031649 0.015581 0.006695 0.062081 0.038953 0.009738 0.056847 0.015703 0.054169 0.000730 
0.000129 0.009187 0.048525 0.026786 0.060171 0.026139 0.045290 0.060300 0.001682 0.005564 0.046713 0.033903 0.039726 0.033256 0.004529 0.062112 0.016563 0.002329 0.019798 0.064570 0.032091 0.060300 0.003364 0.046713 0.005047 0.014622 0.015399 0.049948 0.015269 0.043608 0.063147 0.043219 
0.027887 0.004999 0.043936 0.007893 0.009471 0.051434 0.037095 0.040779 0.000263 0.004078 0.064588 0.033412 0.002499 0.058669 0.010918 0.053933 0.033149 0.023020 0.065377 0.018022 0.063930 0.051697 0.043673 0.016838 0.045514 0.033412 0.000526 0.050645 0.016443 0.012760 0.050645 0.022494 
0.027561 0.064112 0.045689 0.004716 0.045247 0.017097 0.028298 0.062933 0.033309 0.011643 0.055269 0.013265 0.035077 0.073987 0.001032 0.026529 0.005011 0.021371 0.033898 0.072513 0.019455 0.026382 0.050258 0.069713 0.021076 0.039351 0.005895 0.020929 0.002653 0.013117 0.039794 0.012822 
0.056280 0.009401 0.058160 0.060040 0.059163 0.001755 0.061920 0.016546 0.054400 0.020431 0.055152 0.049887 0.045876 0.051893 0.017674 0.051767 0.032339 0.000752 0.008523 0.051642 0.000501 0.010153 0.003760 0.012033 0.028203 0.008022 0.064051 0.034470 0.005390 0.014665 0.051141 0.004011 
0.014193 0.036875 0.041119 0.009152 0.042446 0.051598 0.040058 0.055047 0.053057 0.025733 0.039395 0.000531 0.004643 0.002653 0.045762 0.039793 0.035018 0.027855 0.018305 0.040058 0.025866 0.053057 0.037671 0.063536 0.016183 0.000796 0.030110 0.040722 0.051068 0.006500 0.042181 0.009020 
0.002913 0.022697 0.026824 0.052069 0.024032 0.028523 0.035320 0.057288 0.034834 0.028037 0.021969 0.046243 0.046729 0.010802 0.025489 0.017721 0.022576 0.045879 0.008982 0.020634 0.054982 0.026824 0.043937 0.017478 0.056075 0.032164 0.035684 0.057895 0.038111 0.033863 0.011166 0.012259 
0.018804 0.067857 0.020711 0.042513 0.046055 0.018940 0.038425 0.064178 0.013626 0.036926 0.003270 0.037199 0.068402 0.025344 0.015533 0.050824 0.011173 0.025480 0.004360 0.061589 0.005450 0.031067 0.022210 0.017714 0.029704 0.022755 0.055457 0.005042 0.000000 0.051914 0.064450 0.023028 
0.012459 0.015745 0.035186 0.022043 0.023138 0.058187 0.026150 0.069962 0.003149 0.010268 0.037924 0.020126 0.048330 0.056681 0.020811 0.009310 0.002738 0.014239 0.004929 0.024370 0.065991 0.002054 0.055175 0.050657 0.035049 0.060515 0.050109 0.060378 0.056818 0.022043 0.024096 0.001369 
0.004249 0.038104 0.047929 0.049920 0.049256 0.051381 0.014339 0.021774 0.019650 0.057355 0.014472 0.003850 0.018189 0.036511 0.030935 0.048194 0.007701 0.006904 0.004647 0.052576 0.044477 0.028678 0.041556 0.028279 0.054036 0.030005 0.056957 0.012613 0.015534 0.012082 0.064126 0.033723 
0.046462 0.040040 0.040922 0.012843 0.003652 0.037018 0.035507 0.006548 0.007933 0.010451 0.014606 0.017376 0.032863 0.051372 0.043692 0.062327 0.024049 0.044321 0.027071 0.054142 0.002266 0.033493 0.041929 0.027197 0.023798 0.038277 0.015110 0.063208 0.003652 0.035130 0.049232 0.053513 
0.056466 0.014800 0.024818 0.043830 0.038365 0.055214 0.051002 0.009449 0.056125 0.037454 0.051002 0.022427 0.003871 0.026184 0.055897 0.043488 0.009791 0.018784 0.031876 0.027892 0.050660 0.053165 0.019809 0.054986 0.013434 0.042464 0.002391 0.021630 0.024249 0.031535 0.002049 0.004895 

0.242820 0.192559 0.127285 0.284595 0.152742 
0.113828 0.041253 0.275783 0.322383 0.246753 
0.061462 0.485049 0.255814 0.008306 0.189369 
0.326165 0.184229 0.347670 0.136201 0.005735 
0.147895 0.105802 0.152446 0.394766 0.199090 
0.278993 0.227024 0.262582 0.096827 0.134573 
0.153142 0.292861 0.105552 0.286150 0.162294 
0.215000 0.225000 0.163333 0.148334 0.248333 
0.144102 0.067695 0.160188 0.335791 0.292225 
0.157672 0.356613 0.120635 0.003175 0.361904 
0.153631 0.248045 0.180447 0.178771 0.239106 
0.117087 0.218516 0.261402 0.108918 0.294077 
0.167310 0.407979 0.101673 0.259974 0.063064 
0.326618 0.124461 0.077698 0.312949 0.158273 
0.195262 0.240077 0.256082 0.012804 0.295774 
0.073921 0.159669 0.243051 0.237729 0.285630 
0.255447 0.256536 0.184641 0.177015 0.126362 
0.152951 0.018288 0.323358 0.339983 0.165420 
0.270517 0.296048 0.254103 0.136778 0.042553 
0.241360 0.077345 0.262205 0.206253 0.212836 
0.315789 0.274277 0.000742 0.347665 0.061527 
0.007388 0.247817 0.313633 0.227670 0.203492 
0.049894 0.048833 0.403396 0.405520 0.092357 
0.260726 0.254125 0.199340 0.194719 0.091089 
0.124542 0.175824 0.185243 0.251701 0.262690 
0.426785 0.141072 0.117857 0.156250 0.158036 
0.459016 0.037832 0.247163 0.204288 0.051703 
0.141358 0.254024 0.344996 0.223933 0.035690 
0.074969 0.027955 0.400253 0.086404 0.410419 
0.175221 0.163422 0.286136 0.184661 0.190560 
0.221272 0.135803 0.188034 0.384615 0.070276 
0.116386 0.229709 0.169985 0.385145 0.098775 
0.280419 0.022563 0.066882 0.400483 0.229653 
0.116250 0.150000 0.191875 0.318750 0.223125 
0.329431 0.147993 0.427257 0.069398 0.025920 
0.074109 0.187617 0.144465 0.214822 0.378986 
0.197333 0.253333 0.182222 0.345777 0.021334 
0.063754 0.138252 0.179799 0.359599 0.258596 
0.426855 0.247816 0.122271 0.085153 0.117904 
0.175876 0.185214 0.331517 0.039689 0.267704 
0.015585 0.089611 0.333766 0.342857 0.218182 
0.213102 0.240964 0.326054 0.021838 0.198042 
0.031129 0.271076 0.168612 0.016862 0.512321 
0.118464 0.399509 0.022059 0.173203 0.286765 
0.103235 0.238816 0.127323 0.278734 0.251893 
0.256410 0.201465 0.428570 0.001832 0.111722 
0.115265 0.074767 0.011423 0.423675 0.374870 
0.245509 0.067066 0.307784 0.200000 0.179641 
0.154286 0.248000 0.174857 0.243428 0.179429 
0.413223 0.066942 0.078513 0.301653 0.139670 
0.004153 0.024917 0.303156 0.251661 0.416113 
0.055910 0.185421 0.179052 0.325548 0.254069 
0.255180 0.258997 0.091058 0.148310 0.246456 
0.182250 0.152932 0.218700 0.382725 0.063392 
0.279712 0.252626 0.140962 0.236042 0.090658 
0.058070 0.239065 0.152338 0.224736 0.325792 
0.118217 0.201550 0.159884 0.232558 0.287790 
0.045545 0.248515 0.143564 0.471286 0.091089 
0.046426 0.311049 0.114206 0.084494 0.443825 
0.054795 0.283502 0.279928 0.210840 0.170935 
0.226675 0.039449 0.306825 0.231684 0.195366 
0.117857 0.358035 0.175893 0.199107 0.149107 
0.209200 0.216761 0.310649 0.041588 0.221802 
0.147059 0.278075 0.207888 0.046792 0.320187 
0.259283 0.284690 0.146580 0.050815 0.258632 
0.390887 0.310152 0.235012 0.028777 0.035172 
0.366892 0.388189 0.002905 0.052275 0.189739 
0.202087 0.236243 0.211101 0.166983 0.183586 
0.268961 0.172695 0.210618 0.277713 0.070012 
0.233936 0.066265 0.095382 0.167671 0.436746 
0.175318 0.190989 0.066602 0.217434 0.349657 
0.126739 0.079598 0.357032 0.241113 0.195518 
0.104445 0.221111 0.041112 0.482221 0.151111 
0.289364 0.268646 0.020028 0.182320 0.239641 
0.284507 0.104930 0.266901 0.030282 0.313380 
0.314790 0.083770 0.283377 0.306283 0.011780 
0.116586 0.325468 0.170021 0.063151 0.324774 
0.213444 0.234927 0.279279 0.049896 0.222453 
0.184509 0.141688 0.178212 0.219773 0.275819 
0.238432 0.123027 0.234622 0.276538 0.127382 
0.215871 0.189789 0.093230 0.244728 0.256382 
0.173736 0.288785 0.221964 0.242301 0.073213 
0.128507 0.227149 0.240724 0.191855 0.211765 
0.099384 0.079353 0.192604 0.291988 0.336672 
0.084194 0.196187 0.393169 0.068308 0.258141 
0.250999 0.115180 0.181758 0.132490 0.319574 
0.029163 0.093133 0.102540 0.434618 0.340545 
0.084131 0.066922 0.107075 0.147228 0.594644 
0.199244 0.109071 0.270518 0.172786 0.248380 
0.202161 0.162111 0.302606 0.314049 0.019072 
0.030656 0.036998 0.041227 0.377378 0.513741 
0.296715 0.183466 0.184598 0.168743 0.166478 
0.026237 0.375378 0.358224 0.210898 0.029264 
0.016829 0.186891 0.341895 0.196634 0.257750 
0.239978 0.159802 0.235036 0.235585 0.129599 
0.295132 0.057302 0.127542 0.262477 0.257548 
0.214709 0.153025 0.053381 0.472123 0.106762 
0.022760 0.022760 0.011380 0.520625 0.422474 
0.220030 0.382397 0.141882 0.211684 0.044006 
0.481300 0.315447 0.069919 0.133334 0.000001 
0.150573 0.525367 0.202946 0.070377 0.050737 
0.136259 0.036952 0.244803 0.069285 0.512700 
0.361532 0.387869 0.094174 0.071030 0.085395 
0.102649 0.081126 0.366722 0.353477 0.096027 
0.273022 0.102464 0.075227 0.225032 0.324254 
0.309800 0.265781 0.132891 0.263289 0.028240 
0.175983 0.133886 0.262940 0.156660 0.270531 
0.266906 0.328777 0.069784 0.081295 0.253237 
0.192793 0.228829 0.147748 0.178378 0.252252 
0.046030 0.315305 0.043729 0.372842 0.222094 
0.094246 0.304563 0.142857 0.051588 0.406746 
0.373451 0.012390 0.274336 0.015930 0.323894 
0.123102 0.263015 0.176790 0.213124 0.223970 
0.165226 0.400576 0.024016 0.146974 0.263208 
0.154861 0.288194 0.045834 0.231944 0.279167 
0.249543 0.251371 0.211152 0.010969 0.276965 
0.040105 0.241499 0.099390 0.266783 0.352223 
0.260030 0.182021 0.189450 0.248143 0.120357 
0.191027 0.249490 0.061183 0.291638 0.206662 
0.109334 0.237333 0.394665 0.048001 0.210667 
0.395872 0.136961 0.166041 0.017824 0.283302 
0.277978 0.314079 0.039711 0.151625 0.216606 
0.052194 0.379727 0.164902 0.239032 0.164145 
0.293608 0.118509 0.075899 0.286285 0.225699 
0.073447 0.118644 0.015537 0.577682 0.214689 
0.185266 0.166302 0.323851 0.156091 0.168490 
0.020372 0.411868 0.131090 0.040744 0.395925 
0.222605 0.250172 0.137147 0.319090 0.070986 
0.038797 0.289786 0.289786 0.203484 0.178147 
0.202238 0.340791 0.047333 0.362306 0.047333 
0.376681 0.400896 0.050225 0.046637 0.125561 
0.366692 0.155080 0.157372 0.126815 0.194041 
0.179207 0.089603 0.281806 0.346785 0.102599 
0.170236 0.328693 0.301927 0.144540 0.054604 
0.152941 0.115294 0.309019 0.237647 0.185098 
0.105132 0.190832 0.240658 0.228201 0.235177 
0.076705 0.145597 0.113637 0.354403 0.309659 
0.032118 0.315972 0.276042 0.013889 0.361979 
0.022430 0.051402 0.194393 0.318691 0.413084 
0.343705 0.336469 0.066570 0.174385 0.078871 
0.291172 0.083004 0.297760 0.017128 0.310935 
0.293033 0.197746 0.302254 0.204918 0.002050 
0.114754 0.192996 0.194486 0.184799 0.312966 
0.056187 0.188285 0.212791 0.255828 0.286910 
0.047987 0.077121 0.319623 0.128535 0.426735 
0.119107 0.243176 0.229115 0.173697 0.234905 
0.168096 0.217839 0.048028 0.566036 0.000001 
0.081437 0.159282 0.086228 0.200000 0.473053 
0.286221 0.025429 0.257836 0.291543 0.138971 
0.370594 0.093656 0.064452 0.055388 0.415911 
0.083980 0.512919 0.288113 0.047804 0.067184 
0.075769 0.309507 0.357398 0.192280 0.065047 
0.073579 0.402452 0.412485 0.042364 0.069120 
0.069069 0.182583 0.257658 0.268468 0.222222 
0.278133 0.348582 0.053980 0.204941 0.114364 
0.226072 0.280094 0.247798 0.209043 0.036994 
0.460238 0.074553 0.127237 0.162028 0.175944 
0.063671 0.295880 0.294944 0.311797 0.033708 
0.268398 0.174784 0.178030 0.182359 0.196429 
0.029936 0.055016 0.407767 0.104369 0.402912 
0.163186 0.189295 0.211488 0.301566 0.134465 
0.207930 0.081058 0.241410 0.106608 0.362995 
0.348495 0.339398 0.055284 0.143457 0.113366 
0.059765 0.031145 0.354377 0.429292 0.125421 
0.016779 0.309396 0.139597 0.214765 0.319463 
0.178827 0.354792 0.034335 0.047211 0.384835 
0.074040 0.038426 0.121837 0.478912 0.286785 
0.399643 0.336307 0.029438 0.220339 0.014273 
0.250716 0.201289 0.038682 0.147565 0.361748 
0.173057 0.163731 0.222798 0.134715 0.305699 
0.217411 0.235375 0.194380 0.220636 0.132197 
0.138241 0.264512 0.094554 0.248953 0.253740 
0.135496 0.077290 0.264313 0.452289 0.070611 
0.277992 0.224490 0.083288 0.218974 0.195256 
0.204492 0.548462 0.106383 0.034279 0.106383 
0.585365 0.050000 0.084147 0.209756 0.070732 
0.163637 0.262121 0.103031 0.439393 0.031819 
0.250653 0.123586 0.272411 0.109661 0.243690 
0.294284 0.298518 0.131263 0.062809 0.213126 
0.216216 0.043759 0.324324 0.158301 0.257400 
0.026955 0.021565 0.000001 0.951477 0.000001 
0.007118 0.001780 0.000001 0.469750 0.521351 
0.019372 0.929778 0.009686 0.041163 0.000001 
0.007127 0.000001 0.304037 0.080761 0.608074 
0.285709 0.047628 0.190477 0.380942 0.095244 
0.000002 0.316830 0.316830 0.000002 0.366335 
0.328203 0.005131 0.656404 0.000003 0.010259 
0.028578 0.000007 0.000007 0.971401 0.000007 
0.996533 0.000002 0.000002 0.000002 0.003462 
0.000002 0.007635 0.000002 0.992359 0.000002 
0.000017 0.034497 0.551694 0.275856 0.137936 
0.195266 0.378697 0.047338 0.378697 0.000001 
0.000001 0.011112 0.100001 0.000001 0.888884 
0.000003 0.021980 0.186813 0.703290 0.087914 
0.000023 0.954460 0.000023 0.000023 0.045472 
0.000001 0.784942 0.000001 0.215054 0.000001 
0.220690 0.001725 0.224138 0.000001 0.553447 
0.312194 0.004880 0.000002 0.000002 0.682921 
0.154964 0.156174 0.165860 0.154964 0.368038 
0.527833 0.272165 0.197938 0.002063 0.000001 
0.171717 0.444443 0.000001 0.060607 0.323232 
0.000001 0.000001 0.000001 0.827954 0.172043 
0.010284 0.084834 0.000001 0.205656 0.699226 
0.009525 0.342856 0.628569 0.009525 0.009525 
0.361384 0.039606 0.000002 0.004953 0.594055 
0.000005 0.000005 0.000005 0.999979 0.000005 
0.269076 0.004018 0.208835 0.004018 0.514053 
0.000042 0.000042 0.000042 0.999833 0.000042 
0.059802 0.003324 0.000002 0.857137 0.079735 
0.167959 0.497415 0.001293 0.333333 0.000001 
0.102567 0.820493 0.012827 0.064107 0.000006 
0.263254 0.005485 0.263254 0.234004 0.234004 
0.000031 0.000031 0.000031 0.999875 0.000031 
0.000006 0.987928 0.000006 0.012054 0.000006 
0.719098 0.000001 0.000001 0.280898 0.000001 
0.127490 0.509959 0.361221 0.001329 0.000001 
0.000006 0.785697 0.023815 0.000006 0.190476 
0.935662 0.000003 0.046786 0.005851 0.011699 
0.129033 0.000002 0.000002 0.012905 0.858059 
0.000001 0.219269 0.220930 0.004984 0.554816 
0.145869 0.400505 0.017707 0.268971 0.166948 
0.226965 0.254034 0.264446 0.067673 0.186882 
0.242361 0.168307 0.236665 0.167271 0.185396 
0.266308 0.126272 0.260323 0.225613 0.121484 
0.256773 0.563014 0.040048 0.090695 0.049470 
0.185645 0.255262 0.187804 0.147868 0.223421 
0.166218 0.387241 0.116802 0.248877 0.080863 
0.173871 0.172430 0.181556 0.242555 0.229587 
0.256512 0.208381 0.005663 0.246886 0.282559 
0.386489 0.346622 0.122924 0.112957 0.031008 
0.065502 0.350218 0.179039 0.350218 0.055022 
0.196330 0.322018 0.061468 0.090826 0.329358 
0.141944 0.205243 0.153453 0.223146 0.276215 
0.025746 0.485094 0.024391 0.317073 0.147697 
0.190412 0.032411 0.225523 0.336259 0.215395 
0.415730 0.024515 0.402451 0.053116 0.104188 
0.308814 0.178723 0.104559 0.147720 0.260182 
0.073882 0.296824 0.258587 0.201555 0.169151 
0.003620 0.176471 0.319457 0.254299 0.246154 
0.238119 0.202352 0.198432 0.149437 0.211661 
0.184664 0.223005 0.235524 0.136933 0.219875 
0.032830 0.274458 0.161523 0.249507 0.281681 
0.216117 0.277778 0.217338 0.177656 0.111111 
0.234223 0.292476 0.188107 0.183252 0.101942 
0.112964 0.259817 0.247445 0.183970 0.195804 
0.162281 0.121554 0.273183 0.162907 0.280075 
0.329697 0.195152 0.375757 0.075152 0.024243 
0.357391 0.049566 0.338261 0.196522 0.058261 
0.133959 0.107509 0.170649 0.267918 0.319966 
0.290123 0.265432 0.151852 0.274074 0.018519 
0.076923 0.202390 0.379387 0.065721 0.275579 
0.481792 0.295518 0.128852 0.030813 0.063026 
0.302904 0.158269 0.250741 0.061648 0.226437 
0.278332 0.090429 0.235467 0.104522 0.291251 
0.447895 0.008017 0.171343 0.370741 0.002005 
0.231116 0.063135 0.290868 0.240135 0.174746 
0.352810 0.192308 0.347633 0.087278 0.019971 
0.073685 0.625261 0.021054 0.002106 0.277894 
0.211369 0.215504 0.226357 0.082687 0.264083 
0.104301 0.394623 0.052689 0.361290 0.087097 
0.336259 0.180959 0.060770 0.165429 0.256583 
0.363038 0.273192 0.124909 0.149744 0.089116 
0.371268 0.149254 0.110075 0.233209 0.136194 
0.055828 0.013713 0.322233 0.147894 0.460332 
0.402129 0.363636 0.143325 0.021294 0.069615 
0.213904 0.255347 0.064840 0.228610 0.237299 
0.262492 0.025301 0.177103 0.266920 0.268185 
0.415438 0.078058 0.083261 0.323504 0.099740 
0.210293 0.223602 0.404614 0.016859 0.144632 
0.400370 0.240037 0.220575 0.082484 0.056534 
0.251558 0.345015 0.237539 0.028817 0.137072 
0.344453 0.126772 0.105922 0.307756 0.115096 
0.115345 0.211637 0.255407 0.184346 0.233265 
0.080688 0.222222 0.469576 0.048942 0.178572 
0.208815 0.270523 0.137190 0.127273 0.256198 
0.262981 0.103853 0.276382 0.159687 0.197097 
0.000000 0.381818 0.246890 0.077512 0.293780 
0.064856 0.161262 0.369851 0.228747 0.175285 
0.112549 0.185640 0.269081 0.298836 0.133894 
0.118514 0.274174 0.227594 0.193986 0.185731 
0.233410 0.198322 0.087720 0.376048 0.104501 
0.222770 0.243470 0.122721 0.185806 0.225234 
0.379649 0.184902 0.164114 0.045952 0.225383 
0.053546 0.332851 0.079595 0.344428 0.189580 
0.171519 0.162864 0.203777 0.322580 0.139261 
0.135529 0.259179 0.172246 0.190065 0.242981 
0.319808 0.408113 0.214797 0.004774 0.052507 
0.118955 0.186928 0.291503 0.167320 0.235294 
0.320355 0.036886 0.332650 0.019809 0.290300 
0.077971 0.109009 0.318698 0.334595 0.159728 
0.226092 0.273908 0.148760 0.124557 0.226682 
0.171119 0.363940 0.167780 0.295492 0.001670 
0.063594 0.030207 0.709060 0.138315 0.058824 
0.372475 0.209424 0.083022 0.091997 0.243081 
0.267716 0.076491 0.339707 0.035996 0.280090 
0.359319 0.060950 0.122608 0.184267 0.272856 
0.251889 0.083124 0.136650 0.306675 0.221662 
0.212956 0.340283 0.059568 0.134773 0.252420 
0.157534 0.184932 0.264840 0.204338 0.188356 
0.234244 0.213235 0.210084 0.281512 0.060925 
0.286635 0.154162 0.249707 0.018171 0.291325 
0.121235 0.311747 0.113705 0.296687 0.156627 
0.057383 0.223082 0.299162 0.117344 0.303030 
0.303140 0.205918 0.181763 0.037440 0.271739 
0.023155 0.693197 0.079595 0.131693 0.072359 
0.012135 0.327623 0.192006 0.127052 0.341185 
0.166936 0.172581 0.193548 0.211290 0.255645 
0.256257 0.196067 0.261025 0.142432 0.144219 
0.150882 0.269758 0.279556 0.031352 0.268452 
0.261559 0.528401 0.006606 0.095113 0.108323 
0.220488 0.073949 0.090231 0.307327 0.308005 
0.242441 0.026876 0.285554 0.222284 0.222844 
0.182482 0.063869 0.419708 0.301095 0.032847 
0.135217 0.226034 0.086781 0.036327 0.515640 
0.216667 0.176667 0.186667 0.286666 0.133334 
0.013060 0.215485 0.048508 0.468283 0.254664 
0.353741 0.085412 0.224490 0.256992 0.079365 
0.128756 0.241202 0.297854 0.272103 0.060086 
0.152124 0.298069 0.189961 0.034749 0.325096 
0.207800 0.279395 0.267171 0.035507 0.210128 
0.004043 0.229110 0.309973 0.177898 0.278976 
0.246589 0.111111 0.210526 0.121833 0.309941 
0.196025 0.240576 0.136395 0.183687 0.243317 
0.081914 0.125710 0.392538 0.290349 0.109489 
0.313507 0.270756 0.018588 0.096035 0.301115 
0.084327 0.058662 0.252062 0.403299 0.201650 
0.086546 0.356412 0.317073 0.126672 0.113297 
0.151130 0.094633 0.309322 0.244350 0.200565 
0.130472 0.188841 0.278970 0.372532 0.029185 
0.107680 0.223706 0.322203 0.222871 0.123539 
0.056060 0.299258 0.290189 0.075021 0.279472 
0.275320 0.186263 0.186845 0.203143 0.148428 
0.262656 0.224505 0.049157 0.148203 0.315480 
0.192778 0.104445 0.234444 0.248333 0.220000 
0.348808 0.195734 0.016312 0.336261 0.102886 
0.010301 0.257511 0.187983 0.314163 0.230043 
0.448998 0.175405 0.063871 0.179218 0.132507 
0.019775 0.240113 0.395479 0.158192 0.186441 
0.149491 0.303435 0.229008 0.169847 0.148219 
0.250655 0.064629 0.015721 0.360698 0.308297 
0.000000 0.080808 0.241582 0.337542 0.340067 
0.224924 0.281155 0.338146 0.102584 0.053192 
0.109475 0.325864 0.212548 0.307298 0.044815 
0.355229 0.022472 0.250648 0.016422 0.355229 
0.092243 0.064990 0.245283 0.292453 0.305031 
0.080855 0.319702 0.004647 0.176580 0.418215 
0.025838 0.241148 0.186603 0.436363 0.110048 
0.401011 0.193766 0.034541 0.227464 0.143218 
0.011679 0.173723 0.358394 0.312409 0.143796 
0.238621 0.286207 0.231724 0.124828 0.118621 
0.142308 0.159231 0.134616 0.180000 0.383846 
0.147876 0.227941 0.285131 0.293300 0.045752 
0.158147 0.272364 0.191693 0.181310 0.196486 
0.197379 0.042406 0.166538 0.313030 0.280647 
0.109859 0.359155 0.266901 0.007747 0.256338 
0.480866 0.044643 0.090562 0.220663 0.163265 
0.219032 0.227477 0.153716 0.150901 0.248874 
0.171942 0.026519 0.051326 0.402908 0.347305 
0.288532 0.290723 0.188459 0.133674 0.098612 
0.333333 0.014310 0.347643 0.251683 0.053031 
0.296798 0.143473 0.137315 0.133621 0.288793 
0.406698 0.024721 0.303030 0.067783 0.197767 
0.201902 0.178493 0.098757 0.261887 0.258961 
0.139964 0.294818 0.238833 0.100655 0.225730 
0.305398 0.054688 0.087358 0.294744 0.257812 
0.173314 0.220450 0.211022 0.236403 0.158811 
0.194903 0.222747 0.163757 0.234073 0.184521 
0.111015 0.148309 0.159584 0.319167 0.261925 
0.008065 0.363636 0.255132 0.270528 0.102639 
0.041267 0.237044 0.413627 0.243762 0.064300 
0.043407 0.337428 0.200655 0.069615 0.348894 
0.273949 0.213445 0.080673 0.120168 0.311764 
0.005889 0.289499 0.113837 0.114819 0.475956 
0.248889 0.213968 0.082540 0.309841 0.144762 
0.450980 0.058824 0.088752 0.006192 0.395252 
0.419925 0.094972 0.091248 0.091248 0.302607 
0.279934 0.196532 0.143683 0.191577 0.188274 
0.241168 0.173913 0.235054 0.140625 0.209239 
0.116028 0.139627 0.487708 0.186824 0.069814 
0.292560 0.244010 0.148802 0.080706 0.233922 
0.267597 0.294939 0.137871 0.055847 0.243746 
0.165392 0.042065 0.301147 0.173996 0.317399 
0.391191 0.074266 0.164940 0.124353 0.245250 
0.009832 0.033708 0.098315 0.356741 0.501403 
0.232254 0.260079 0.214651 0.015332 0.277683 
0.244689 0.010257 0.233700 0.237363 0.273993 
0.288192 0.316878 0.064710 0.143429 0.186791 
0.060403 0.161074 0.397091 0.335570 0.045862 
0.299854 0.256186 0.332605 0.034207 0.077147 
0.136390 0.136971 0.260012 0.215322 0.251306 
0.258296 0.075337 0.090583 0.282511 0.293273 
0.112974 0.330904 0.043732 0.328717 0.183674 
0.142272 0.325486 0.359263 0.131013 0.041966 
0.259126 0.119689 0.254937 0.271693 0.094554 
0.227778 0.153086 0.238272 0.100000 0.280864 
0.085870 0.146739 0.390217 0.373913 0.003261 
0.216274 0.111349 0.511777 0.131692 0.028908 
0.249580 0.160045 0.263011 0.048126 0.279239 
0.300221 0.161148 0.002208 0.298749 0.237675 
0.254658 0.098344 0.208592 0.215838 0.222567 
0.327111 0.122667 0.076445 0.308444 0.165333 
0.220988 0.185185 0.245062 0.282716 0.066050 
0.005792 0.177606 0.093630 0.421814 0.301158 
0.247573 0.047735 0.081715 0.265372 0.357605 
0.131104 0.261538 0.303010 0.298997 0.005351 
0.221913 0.336119 0.265552 0.103064 0.073352 
0.235489 0.004976 0.340796 0.056385 0.362355 
0.282498 0.241981 0.149691 0.129432 0.196398 
0.294339 0.214340 0.035472 0.332075 0.123774 
0.126075 0.250716 0.247135 0.139685 0.236390 
0.338558 0.115988 0.184169 0.214734 0.146552 
0.448999 0.126000 0.192000 0.062000 0.171000 
0.368038 0.277643 0.207425 0.146086 0.000808 
0.095849 0.118491 0.371320 0.126793 0.287547 
0.268983 0.167954 0.253539 0.123552 0.185972 
0.206208 0.005544 0.123060 0.141907 0.523281 
0.162915 0.215047 0.191351 0.234005 0.196682 
0.163283 0.066196 0.255958 0.334510 0.180053 
0.097383 0.041997 0.306147 0.283627 0.270846 
0.222222 0.298084 0.035249 0.114943 0.329502 
0.239093 0.148442 0.252691 0.142776 0.216997 
0.230769 0.252974 0.024584 0.285488 0.206186 
0.293243 0.362162 0.048649 0.121622 0.174324 
0.278726 0.282708 0.218999 0.188851 0.030717 
0.485379 0.067252 0.060429 0.240741 0.146199 
0.281250 0.077744 0.073933 0.262957 0.304116 
0.164733 0.272622 0.255800 0.205336 0.101508 
0.417806 0.198630 0.167808 0.198630 0.017125 
0.006498 0.257960 0.265107 0.226121 0.244314 
0.010684 0.285256 0.341880 0.307692 0.054488 
0.108839 0.120713 0.296834 0.179420 0.294195 
0.264102 0.216667 0.155769 0.060898 0.302564 
0.224725 0.213714 0.180681 0.125626 0.255255 
0.191571 0.146141 0.253968 0.134100 0.274220 
0.081150 0.383770 0.039730 0.127642 0.367709 
0.211359 0.041697 0.104961 0.311287 0.330697 
0.012016 0.289052 0.158879 0.238985 0.301068 
0.154653 0.332896 0.267366 0.212320 0.032766 
0.132612 0.044655 0.305818 0.170501 0.346414 
0.208546 0.109056 0.184949 0.251913 0.245536 
0.277146 0.138258 0.193813 0.235480 0.155303 
0.290649 0.119714 0.156641 0.229303 0.203693 
0.137376 0.024753 0.407178 0.316831 0.113862 
0.251023 0.005458 0.392905 0.321964 0.028650 
0.320737 0.044240 0.026729 0.314285 0.294009 
0.331538 0.258461 0.129231 0.135385 0.145385 
0.198777 0.246687 0.114169 0.241590 0.198777 
0.301264 0.015450 0.052669 0.308989 0.321629 
