14
32
5

0.122033 0.100877 0.068885 0.103715 0.046440 0.033282 0.129773 0.067337 0.108101 0.042570 0.078173 0.003096 0.079205 0.016512 

0.000000 0.006418 0.019655 0.081428 0.085840 0.070197 0.184516 0.056558 0.121941 0.042519 0.083835 0.127958 0.043723 0.075411 
0.121567 0.080010 0.054932 0.037258 0.116790 0.081204 0.064008 0.094340 0.058992 0.001194 0.094578 0.092429 0.073322 0.029377 
0.177959 0.031932 0.088785 0.082944 0.021807 0.036994 0.027259 0.062305 0.060748 0.049065 0.116043 0.120716 0.021807 0.101635 
0.018697 0.081661 0.092109 0.056090 0.026121 0.046192 0.090459 0.110256 0.006599 0.087435 0.136926 0.072862 0.066538 0.108056 
0.035477 0.094512 0.013581 0.072062 0.127217 0.138026 0.036308 0.001386 0.081208 0.082040 0.042129 0.046009 0.119457 0.110588 
0.118108 0.041166 0.111002 0.092624 0.050233 0.071551 0.097280 0.061014 0.056359 0.097770 0.092379 0.022054 0.055134 0.033325 
0.002991 0.099701 0.021270 0.000000 0.128282 0.055500 0.169824 0.080758 0.104021 0.109671 0.124294 0.051512 0.025590 0.026587 
0.091217 0.060973 0.070893 0.040648 0.084442 0.005323 0.088072 0.096056 0.105734 0.092911 0.109606 0.110089 0.031212 0.012824 
0.077031 0.117087 0.105042 0.115966 0.025210 0.047619 0.139496 0.019328 0.043698 0.071989 0.077871 0.002801 0.072269 0.084594 
0.048920 0.092873 0.123417 0.057115 0.097095 0.006457 0.067792 0.022349 0.025081 0.124410 0.121182 0.110752 0.061833 0.040725 
0.043624 0.045582 0.112416 0.014821 0.096197 0.130593 0.140101 0.102349 0.010067 0.124161 0.059564 0.035235 0.053971 0.031320 
0.068619 0.105051 0.088288 0.044703 0.113545 0.045373 0.023916 0.109745 0.092535 0.076889 0.050961 0.039562 0.062137 0.078677 
0.114948 0.123088 0.013320 0.068821 0.061914 0.120375 0.119635 0.038234 0.024174 0.057721 0.084608 0.097188 0.024174 0.051801 
0.067773 0.106501 0.044537 0.129737 0.002766 0.035131 0.097649 0.132503 0.044813 0.123928 0.015214 0.045090 0.079115 0.075242 

0.019036 0.046173 0.044957 0.053868 0.010126 0.041987 0.004455 0.034157 0.008776 0.041852 0.017821 0.004995 0.009046 0.059943 0.045092 0.040637 0.051573 0.021196 0.011881 0.020386 0.001890 0.058593 0.029027 0.068719 0.013501 0.001215 0.035912 0.063318 0.011881 0.039422 0.023626 0.064939 
0.041742 0.050045 0.027184 0.052320 0.033781 0.015355 0.003867 0.015241 0.049249 0.047657 0.003981 0.053685 0.023885 0.047657 0.021269 0.017971 0.028890 0.015469 0.040036 0.051297 0.039581 0.026501 0.029004 0.025819 0.031165 0.013421 0.039923 0.033326 0.028207 0.018881 0.046065 0.027525 
0.034722 0.018101 0.021289 0.009677 0.001594 0.019012 0.052482 0.032218 0.020150 0.028575 0.043488 0.030055 0.007514 0.005806 0.053734 0.028461 0.032218 0.035633 0.054531 0.051571 0.015597 0.049977 0.016507 0.055669 0.048953 0.034039 0.038024 0.041780 0.015597 0.036430 0.057605 0.008994 
0.020335 0.058356 0.004091 0.006979 0.033690 0.001925 0.035856 0.051979 0.007941 0.057634 0.041752 0.030201 0.007821 0.060161 0.017567 0.017687 0.027794 0.044399 0.056431 0.023704 0.035615 0.032367 0.051739 0.042233 0.050535 0.019252 0.022621 0.057273 0.024546 0.002527 0.013596 0.041391 
0.041430 0.018862 0.023332 0.044374 0.053969 0.012429 0.022133 0.003816 0.047318 0.031727 0.047209 0.018753 0.001854 0.040776 0.052224 0.029328 0.021369 0.038596 0.046119 0.002181 0.029765 0.022133 0.014937 0.051679 0.022569 0.049607 0.046228 0.018208 0.035434 0.049935 0.011121 0.050589 
0.022806 0.036930 0.034730 0.056031 0.026048 0.032183 0.037972 0.024080 0.036119 0.018986 0.047465 0.050012 0.035772 0.041676 0.032068 0.001505 0.003357 0.040982 0.042602 0.037624 0.023732 0.029636 0.031141 0.032415 0.037972 0.036235 0.004631 0.048159 0.035193 0.042834 0.002084 0.017018 
0.057003 0.025810 0.049908 0.059205 0.039755 0.008318 0.023731 0.047095 0.018471 0.057737 0.044771 0.040734 0.042936 0.054924 0.051743 0.009664 0.041346 0.046850 0.006116 0.029358 0.055657 0.017492 0.000612 0.021774 0.010398 0.020795 0.054924 0.012355 0.009419 0.007462 0.027645 0.005994 
0.049604 0.021764 0.065856 0.012295 0.049746 0.034624 0.003533 0.027275 0.007631 0.030808 0.036603 0.003250 0.042538 0.010599 0.059214 0.041690 0.004805 0.056812 0.051441 0.045647 0.010317 0.046213 0.058366 0.030384 0.016393 0.055540 0.001413 0.038298 0.012154 0.042397 0.023601 0.009186 
0.027275 0.013713 0.017631 0.006631 0.014617 0.008137 0.070223 0.056359 0.017933 0.056661 0.065099 0.024563 0.017933 0.019590 0.025467 0.006178 0.058017 0.053948 0.057565 0.028029 0.034207 0.041893 0.004973 0.036920 0.026221 0.016275 0.023659 0.000000 0.020796 0.062086 0.061935 0.025467 
0.066825 0.063385 0.016144 0.008734 0.044594 0.047903 0.001323 0.020643 0.011645 0.049755 0.004499 0.013365 0.057430 0.026995 0.046182 0.055710 0.067619 0.006352 0.055181 0.001985 0.005558 0.024745 0.029906 0.050284 0.019452 0.021569 0.006352 0.054519 0.010851 0.035728 0.027921 0.046844 
0.020110 0.045448 0.045851 0.004961 0.035393 0.017429 0.004290 0.025473 0.035259 0.056308 0.030433 0.019037 0.007374 0.030165 0.007642 0.046521 0.026947 0.050275 0.043571 0.016758 0.058453 0.021182 0.053358 0.013541 0.006301 0.057648 0.012736 0.049470 0.010189 0.060062 0.066095 0.021719 
0.044714 0.006807 0.026695 0.016284 0.010945 0.002670 0.064869 0.057795 0.044180 0.063000 0.021890 0.039108 0.030966 0.015750 0.017619 0.014949 0.011079 0.044581 0.042846 0.046183 0.030432 0.029632 0.063801 0.034570 0.013081 0.061666 0.000134 0.033102 0.043113 0.035238 0.015216 0.017085 
0.023194 0.028489 0.000756 0.053195 0.014244 0.043111 0.041346 0.000126 0.051179 0.058742 0.064162 0.014749 0.056473 0.062650 0.031766 0.021808 0.053448 0.036052 0.013740 0.021808 0.008068 0.001891 0.050800 0.007942 0.006429 0.042481 0.002899 0.017900 0.049792 0.054204 0.019287 0.047271 
0.045763 0.043109 0.049798 0.017201 0.012317 0.024209 0.005734 0.048843 0.048524 0.022616 0.021979 0.050011 0.004672 0.003716 0.048312 0.000000 0.032809 0.039817 0.049161 0.040454 0.033340 0.034296 0.029943 0.043003 0.050754 0.045020 0.039817 0.018157 0.003292 0.023890 0.054258 0.015184 

0.168950 0.276256 0.003996 0.267694 0.283105 
0.200452 0.250188 0.030897 0.181613 0.336850 
0.314322 0.308618 0.125475 0.023448 0.228137 
0.297082 0.011937 0.305040 0.100133 0.285809 
0.019207 0.111396 0.477592 0.192061 0.199744 
0.258863 0.208216 0.234665 0.020822 0.277434 
0.136500 0.246500 0.184500 0.220500 0.212000 
0.103631 0.252647 0.086233 0.230711 0.326777 
0.358581 0.066882 0.410958 0.113618 0.049960 
0.275479 0.016060 0.176652 0.269302 0.262508 
0.250170 0.218814 0.189502 0.139059 0.202454 
0.407862 0.131859 0.297297 0.094185 0.068796 
0.284042 0.286506 0.274184 0.048059 0.107209 
0.115747 0.366083 0.123823 0.235532 0.158816 
0.154867 0.246681 0.246681 0.267699 0.084071 
0.119330 0.437869 0.216963 0.056213 0.169625 
0.365384 0.054196 0.188811 0.279720 0.111889 
0.229802 0.414721 0.057451 0.000001 0.298025 
0.281451 0.016129 0.279032 0.194355 0.229032 
0.276106 0.070797 0.224779 0.363716 0.064602 
0.397233 0.206522 0.303359 0.011858 0.081028 
0.298295 0.184659 0.329545 0.137784 0.049716 
0.184783 0.322010 0.023098 0.000001 0.470108 
0.301090 0.247956 0.242507 0.002044 0.206403 
0.389999 0.162222 0.094445 0.107778 0.245555 
0.280046 0.113284 0.230592 0.271420 0.104658 
0.134694 0.222740 0.249563 0.117784 0.275219 
0.144982 0.281041 0.043123 0.191078 0.339777 
0.081731 0.036539 0.247115 0.267308 0.367307 
0.228843 0.037997 0.338514 0.034543 0.360103 
0.057232 0.279917 0.119667 0.118627 0.424557 
0.022482 0.000000 0.370503 0.400179 0.206835 
0.371538 0.243846 0.062308 0.022308 0.300000 
0.218367 0.092857 0.272449 0.233673 0.182653 
0.157572 0.160638 0.084611 0.294298 0.302882 
0.179938 0.244571 0.142709 0.255946 0.176836 
0.048270 0.277778 0.013662 0.350637 0.309654 
0.070069 0.270761 0.134083 0.148789 0.376297 
0.361991 0.156109 0.242081 0.067119 0.172700 
0.121130 0.253123 0.202064 0.202064 0.221619 
0.377643 0.008057 0.370594 0.084592 0.159114 
0.126325 0.381418 0.355338 0.119805 0.017115 
0.085632 0.013063 0.245283 0.291001 0.365021 
0.129032 0.161290 0.264785 0.268817 0.176075 
0.268139 0.271293 0.113565 0.315457 0.031546 
0.240275 0.022121 0.076278 0.367658 0.293669 
0.228433 0.037267 0.321601 0.293996 0.118703 
0.088188 0.249191 0.328479 0.282362 0.051780 
0.292320 0.388934 0.224608 0.042114 0.052023 
0.239010 0.229409 0.153613 0.206670 0.171299 
0.211024 0.151181 0.349606 0.025197 0.262992 
0.181569 0.267336 0.368613 0.114051 0.068431 
0.215709 0.104338 0.201055 0.273740 0.205158 
0.011153 0.247212 0.302044 0.169145 0.270446 
0.399999 0.036905 0.111905 0.285714 0.165476 
0.052160 0.096170 0.302363 0.349633 0.199674 
0.314861 0.347606 0.073049 0.219143 0.045341 
0.344531 0.244531 0.103125 0.290625 0.017188 
0.015937 0.327490 0.151395 0.341832 0.163347 
0.119643 0.323214 0.299107 0.113393 0.144643 
0.166499 0.114026 0.125126 0.138244 0.456104 
0.082849 0.311046 0.352471 0.018169 0.235465 
0.070884 0.074695 0.197409 0.358231 0.298780 
0.127775 0.256091 0.265295 0.155387 0.195452 
0.051399 0.322751 0.238095 0.207105 0.180650 
0.258427 0.301264 0.353932 0.021770 0.064607 
0.208057 0.163355 0.259382 0.139073 0.230132 
0.000001 0.478488 0.080798 0.198321 0.242392 
0.233677 0.427835 0.040378 0.185567 0.112543 
0.095436 0.143450 0.286307 0.236514 0.238293 
0.201408 0.257746 0.049296 0.270422 0.221127 
0.125000 0.066057 0.461381 0.341463 0.006098 
0.571899 0.062810 0.297520 0.006612 0.061158 
0.090435 0.146087 0.337391 0.045218 0.380869 
0.390119 0.325383 0.174617 0.101363 0.008518 
0.321848 0.133125 0.238841 0.282694 0.023493 
0.246260 0.230150 0.040276 0.240506 0.242808 
0.206972 0.095135 0.058824 0.267974 0.371096 
0.151549 0.324115 0.058629 0.246681 0.219027 
0.026767 0.502141 0.026767 0.189508 0.254818 
0.015179 0.229508 0.253795 0.208257 0.293260 
0.166068 0.365205 0.208483 0.197700 0.062545 
0.211291 0.227501 0.216322 0.140861 0.204025 
0.195475 0.270588 0.141177 0.042534 0.350226 
0.129304 0.302219 0.215761 0.065800 0.286916 
0.109694 0.387754 0.316326 0.020409 0.165817 
0.292941 0.320000 0.045883 0.158824 0.182353 
0.164254 0.158590 0.303335 0.315292 0.058528 
0.388755 0.181818 0.153110 0.261962 0.014355 
0.291725 0.144460 0.409536 0.098177 0.056101 
0.166378 0.146447 0.103986 0.411611 0.171577 
0.066052 0.314132 0.193548 0.367127 0.059140 
0.054422 0.469387 0.012634 0.127308 0.336248 
0.061151 0.230216 0.241906 0.401978 0.064749 
0.039302 0.220524 0.040393 0.336244 0.363537 
0.139364 0.294010 0.176650 0.297066 0.092910 
0.036023 0.278818 0.172911 0.298991 0.213256 
0.137931 0.307925 0.164549 0.244404 0.145191 
0.155467 0.025076 0.301905 0.226680 0.290872 
0.233260 0.147167 0.256806 0.068433 0.294334 
0.189873 0.408227 0.000001 0.133966 0.267932 
0.012549 0.069020 0.301176 0.293333 0.323921 
0.167292 0.255814 0.210803 0.125281 0.240810 
0.294352 0.236545 0.255814 0.180066 0.033223 
0.425079 0.312433 0.027631 0.004251 0.230606 
0.133166 0.163317 0.228643 0.201005 0.273869 
0.130015 0.248885 0.203566 0.225854 0.191679 
0.146032 0.398412 0.290476 0.011111 0.153968 
0.223848 0.256368 0.247154 0.099729 0.172900 
0.005283 0.287547 0.295094 0.110944 0.301132 
0.047663 0.331805 0.144821 0.127406 0.348304 
0.300448 0.260730 0.150545 0.009610 0.278667 
0.233813 0.287170 0.049760 0.148082 0.281175 
0.209362 0.117447 0.224681 0.393191 0.055319 
0.257315 0.123924 0.264200 0.286575 0.067987 
0.327182 0.327182 0.146203 0.170334 0.029099 
0.169299 0.210360 0.214782 0.159191 0.246368 
0.302355 0.311903 0.043921 0.234882 0.106938 
0.144509 0.203138 0.418662 0.115607 0.118084 
0.239943 0.254058 0.037403 0.188426 0.280169 
0.340036 0.134369 0.031079 0.077697 0.416819 
0.219565 0.239130 0.198551 0.024638 0.318116 
0.239538 0.200577 0.129870 0.209235 0.220779 
0.178203 0.057438 0.187776 0.205449 0.371134 
0.139535 0.006978 0.451161 0.316278 0.086047 
0.308912 0.084592 0.125378 0.162387 0.318731 
0.227535 0.241359 0.253456 0.108295 0.169355 
0.082870 0.266963 0.276418 0.279199 0.094550 
0.162830 0.388746 0.011083 0.215686 0.221654 
0.418125 0.061792 0.296601 0.077240 0.146241 
0.327011 0.191629 0.152387 0.007195 0.321779 
0.057485 0.027545 0.277844 0.026348 0.610777 
0.114852 0.163366 0.118812 0.359406 0.243564 
0.264327 0.231375 0.319484 0.140401 0.044413 
0.124836 0.080815 0.203022 0.310118 0.281209 
0.229483 0.119301 0.191489 0.126900 0.332826 
0.257171 0.146390 0.172107 0.184965 0.239367 
0.110653 0.283237 0.403798 0.047069 0.155244 
0.135975 0.294483 0.013986 0.203574 0.351981 
0.018692 0.258806 0.340762 0.050324 0.331416 
0.080842 0.038760 0.281284 0.276855 0.322259 
0.243291 0.420393 0.137746 0.110913 0.087657 
0.309071 0.060127 0.176160 0.296413 0.158228 
0.244635 0.189557 0.281831 0.030759 0.253219 
0.097911 0.234987 0.315927 0.216057 0.135118 
0.120926 0.281303 0.319039 0.193825 0.084906 
0.153384 0.251092 0.225983 0.268559 0.100983 
0.100218 0.306463 0.124183 0.209877 0.259259 
0.192045 0.086364 0.511363 0.085228 0.125000 
0.146531 0.172847 0.202751 0.226675 0.251196 
0.228604 0.193131 0.210586 0.101915 0.265766 
0.211232 0.391450 0.005868 0.358759 0.032691 
0.294171 0.022769 0.428961 0.035520 0.218579 
0.241239 0.113285 0.038305 0.208639 0.398533 
0.198108 0.086340 0.240095 0.270846 0.204613 
0.134627 0.297150 0.283808 0.047302 0.237113 
0.097687 0.344473 0.133676 0.098544 0.325621 
0.224664 0.100733 0.280830 0.105617 0.288156 
0.177345 0.017642 0.361188 0.285051 0.158774 
0.066338 0.126323 0.347918 0.330981 0.128440 
0.141800 0.290999 0.234895 0.135019 0.197287 
0.315972 0.327083 0.122917 0.118056 0.115972 
0.186391 0.274162 0.062131 0.011835 0.465483 
0.165605 0.157113 0.252123 0.226645 0.198514 
0.244863 0.359589 0.263698 0.114726 0.017124 
0.270465 0.289456 0.235756 0.102816 0.101506 
0.043287 0.363957 0.133392 0.410777 0.048587 
0.250716 0.146132 0.181948 0.239255 0.181948 
0.167308 0.066026 0.255769 0.187180 0.323718 
0.222752 0.210490 0.079019 0.273161 0.214578 
0.281158 0.126994 0.185470 0.245127 0.161252 
0.218920 0.090639 0.251610 0.244676 0.194156 
0.059172 0.185968 0.222316 0.341504 0.191040 
0.353461 0.118557 0.044183 0.351988 0.131812 
0.561480 0.157037 0.032593 0.174815 0.074075 
0.140845 0.063074 0.221678 0.290876 0.283527 
0.071049 0.271758 0.088810 0.515096 0.053287 
0.218952 0.173043 0.050030 0.268393 0.289582 
0.297000 0.084000 0.189000 0.348000 0.082000 
0.236259 0.308449 0.030353 0.073011 0.351928 
0.211811 0.242476 0.256104 0.010222 0.279387 
0.366134 0.130319 0.110816 0.094858 0.297872 
0.197232 0.185698 0.235871 0.170127 0.211073 
0.081028 0.164032 0.309288 0.144269 0.301383 
0.217080 0.219035 0.095176 0.329856 0.138853 
0.176282 0.085898 0.317949 0.326923 0.092949 
0.316472 0.106356 0.001298 0.530479 0.045396 
0.166916 0.218563 0.369760 0.148204 0.096557 
0.035518 0.298224 0.306185 0.184936 0.175138 
0.156188 0.330245 0.233620 0.125083 0.154864 
0.168579 0.162401 0.051192 0.247131 0.370697 
0.312195 0.353170 0.042927 0.270244 0.021464 
0.228106 0.039715 0.063137 0.243381 0.425661 
0.247794 0.202206 0.372059 0.108824 0.069118 
0.052288 0.723854 0.024511 0.001635 0.197712 
0.074767 0.683799 0.000001 0.216511 0.024923 
0.437274 0.107528 0.125449 0.107528 0.222222 
0.283935 0.132005 0.057285 0.246575 0.280199 
0.079812 0.282472 0.057121 0.241001 0.339593 
0.109721 0.063523 0.350337 0.330125 0.146295 
0.057693 0.101649 0.206044 0.279304 0.355311 
0.077720 0.347150 0.315198 0.094992 0.164940 
0.071934 0.067217 0.181604 0.115566 0.563678 
0.097561 0.180057 0.197274 0.357962 0.167145 
0.033777 0.051177 0.447287 0.346980 0.120778 
0.108344 0.276463 0.122042 0.233499 0.259651 
0.025461 0.194475 0.252438 0.260563 0.267064 
0.319317 0.293692 0.172799 0.121551 0.092641 
0.000000 0.364102 0.171795 0.198291 0.265812 
0.229025 0.265873 0.215419 0.217687 0.071996 
0.330178 0.423764 0.001052 0.209253 0.035752 
0.089306 0.046307 0.085998 0.341786 0.436604 
0.115325 0.115325 0.321207 0.167183 0.280960 
0.044566 0.155435 0.239130 0.376086 0.184783 
0.397325 0.218725 0.055862 0.207710 0.120378 
0.127113 0.173090 0.320487 0.214334 0.164976 
0.154820 0.074976 0.327166 0.203505 0.239533 
0.185584 0.195526 0.159072 0.136703 0.323115 
0.354906 0.141963 0.123173 0.157272 0.222686 
0.473884 0.106363 0.001900 0.387464 0.030390 
0.313035 0.052331 0.005709 0.315889 0.313035 
0.054546 0.319999 0.559998 0.007274 0.058182 
0.192140 0.279476 0.049127 0.403930 0.075328 
0.271366 0.165939 0.275109 0.220212 0.067374 
0.037389 0.241543 0.240949 0.287834 0.192285 
0.057771 0.038243 0.288039 0.383238 0.232709 
0.114800 0.272476 0.285615 0.076764 0.250346 
0.355140 0.175871 0.222600 0.134240 0.112150 
0.424657 0.267123 0.169521 0.036815 0.101884 
0.303720 0.318147 0.350797 0.026576 0.000760 
0.155862 0.241379 0.192414 0.177241 0.233103 
0.118658 0.283142 0.212766 0.097382 0.288052 
0.239061 0.155358 0.232720 0.298034 0.074826 
0.173077 0.121795 0.196795 0.241667 0.266667 
0.106580 0.038925 0.107507 0.436515 0.310472 
0.304511 0.084963 0.373684 0.000000 0.236842 
0.290128 0.103241 0.358704 0.223059 0.024868 
0.140722 0.095891 0.346201 0.286426 0.130760 
0.222922 0.247481 0.146726 0.100756 0.282116 
0.350961 0.022116 0.281731 0.071154 0.274038 
0.163003 0.193029 0.163003 0.272922 0.208043 
0.166188 0.265095 0.074756 0.273145 0.220817 
0.454545 0.133971 0.283493 0.052632 0.075359 
0.202439 0.343089 0.275610 0.136586 0.042277 
0.220741 0.310370 0.120000 0.214815 0.134074 
0.122750 0.174304 0.394435 0.162848 0.145663 
0.060811 0.493243 0.061776 0.267374 0.116796 
0.065814 0.391224 0.062158 0.379341 0.101463 
0.025957 0.054645 0.374316 0.441256 0.103825 
0.165939 0.424672 0.223799 0.097162 0.088428 
0.105493 0.136879 0.278117 0.293810 0.185702 
0.098901 0.288946 0.284421 0.202327 0.125404 
0.087708 0.297010 0.269103 0.039203 0.306977 
0.122581 0.269795 0.151906 0.174780 0.280938 
0.421985 0.067376 0.367907 0.126773 0.015958 
0.320711 0.166152 0.119784 0.235703 0.157651 
0.236425 0.175339 0.166290 0.253394 0.168552 
0.102027 0.213836 0.018868 0.310272 0.354996 
0.014100 0.246204 0.251085 0.232104 0.256508 
0.191844 0.325301 0.263207 0.127896 0.091752 
0.064974 0.078417 0.294249 0.273338 0.289021 
0.015067 0.215960 0.251674 0.270089 0.247210 
0.124528 0.276226 0.014340 0.335849 0.249057 
0.278997 0.322884 0.124608 0.271943 0.001568 
0.055017 0.300970 0.100324 0.440129 0.103560 
0.067811 0.212418 0.390523 0.089053 0.240196 
0.267792 0.130278 0.281061 0.061520 0.259348 
0.172577 0.237825 0.225059 0.186761 0.177778 
0.113848 0.129827 0.304261 0.306258 0.145806 
0.017065 0.079352 0.310580 0.383959 0.209044 
0.033622 0.034583 0.297790 0.338136 0.295869 
0.236008 0.258934 0.167903 0.234659 0.102495 
0.189388 0.040817 0.268571 0.134694 0.366530 
0.084416 0.297889 0.206981 0.144481 0.266234 
0.512959 0.158254 0.219645 0.028650 0.080492 
0.259595 0.170272 0.261689 0.179344 0.129100 
0.069307 0.271570 0.301273 0.125177 0.232673 
0.108494 0.301302 0.201488 0.130812 0.257904 
0.213552 0.093429 0.296714 0.121150 0.275154 
0.404618 0.026105 0.027109 0.247992 0.294176 
0.120938 0.229622 0.198189 0.205115 0.246137 
0.070120 0.188845 0.195219 0.388047 0.157769 
0.104699 0.103875 0.266282 0.392415 0.132729 
0.254723 0.214836 0.306508 0.004899 0.219034 
0.285259 0.080478 0.114741 0.295617 0.223904 
0.172455 0.116168 0.083833 0.409580 0.217964 
0.153025 0.171708 0.129004 0.126335 0.419928 
0.241423 0.015248 0.177891 0.304320 0.261118 
0.226251 0.128354 0.008702 0.303843 0.332850 
0.152801 0.016129 0.398132 0.412563 0.020374 
0.083334 0.228155 0.404530 0.043690 0.240291 
0.387955 0.182073 0.004202 0.415966 0.009805 
0.194553 0.299611 0.039884 0.092413 0.373540 
0.234483 0.109091 0.149843 0.268338 0.238244 
0.282282 0.135135 0.156156 0.110110 0.316316 
0.109698 0.042131 0.270270 0.325914 0.251987 
0.313822 0.083921 0.267278 0.315233 0.019746 
0.105785 0.239669 0.238843 0.315702 0.100000 
0.091830 0.276211 0.328272 0.288503 0.015185 
0.117420 0.012904 0.198710 0.576773 0.094194 
0.053585 0.362780 0.024620 0.221579 0.337436 
0.226547 0.322910 0.302489 0.016593 0.131462 
0.008704 0.354221 0.257615 0.290687 0.088773 
0.269030 0.106915 0.184195 0.195816 0.244044 
0.118771 0.041638 0.227304 0.331058 0.281229 
0.098058 0.428307 0.056430 0.253469 0.163737 
0.233358 0.103216 0.326103 0.320119 0.017203 
0.257329 0.052769 0.270358 0.192834 0.226710 
0.244532 0.238923 0.120023 0.199103 0.197420 
0.154092 0.157280 0.341126 0.239107 0.108396 
0.252101 0.091673 0.341482 0.028266 0.286478 
0.117000 0.016000 0.391000 0.467999 0.008000 
0.058506 0.252925 0.423042 0.171917 0.093610 
0.113549 0.134194 0.011614 0.286451 0.454193 
0.078466 0.008719 0.243243 0.272014 0.397558 
0.313088 0.138580 0.136014 0.324208 0.088110 
0.453994 0.071429 0.391041 0.049637 0.033899 
0.362254 0.338998 0.040251 0.033990 0.224508 
0.044662 0.061410 0.316818 0.263084 0.314026 
0.234940 0.143374 0.275301 0.183735 0.162651 
0.344804 0.035088 0.212551 0.082321 0.325236 
0.240431 0.070620 0.245822 0.230189 0.212938 
0.168919 0.177235 0.211538 0.209459 0.232848 
0.176625 0.263627 0.183962 0.168763 0.207023 
0.035834 0.122500 0.352500 0.245000 0.244167 
0.082150 0.085193 0.228195 0.497971 0.106491 
0.083871 0.381566 0.249769 0.198157 0.086636 
0.533834 0.154673 0.015038 0.245972 0.050484 
0.255303 0.372348 0.063643 0.135333 0.173372 
0.144672 0.140438 0.319689 0.326746 0.068455 
0.342532 0.147727 0.258928 0.013799 0.237013 
0.268931 0.208241 0.134187 0.189866 0.198775 
0.206960 0.212454 0.208791 0.284493 0.087302 
0.255583 0.106700 0.171216 0.459055 0.007445 
0.060884 0.095079 0.315262 0.209341 0.319433 
0.267343 0.237733 0.181895 0.116751 0.196278 
0.180055 0.123961 0.270083 0.088643 0.337257 
0.293154 0.090111 0.234055 0.247513 0.135167 
0.133883 0.178934 0.272208 0.243655 0.171320 
0.240697 0.021378 0.250198 0.266825 0.220903 
0.261830 0.210095 0.043533 0.318612 0.165931 
0.342551 0.073149 0.387154 0.093667 0.103479 
0.024222 0.320646 0.179931 0.167243 0.307958 
0.048114 0.169492 0.262985 0.245489 0.273920 
0.286995 0.096413 0.090434 0.288490 0.237668 
0.278249 0.320052 0.036578 0.116917 0.248204 
0.213379 0.125721 0.187428 0.227220 0.246251 
0.276898 0.083015 0.170399 0.226652 0.243037 
0.106876 0.204221 0.345132 0.215112 0.128659 
0.065807 0.567741 0.108387 0.163871 0.094194 
0.166930 0.365506 0.009494 0.081488 0.376582 
0.374251 0.135479 0.214820 0.000000 0.275449 
0.256319 0.199697 0.133974 0.231547 0.178463 
0.019838 0.350766 0.064924 0.238052 0.326420 
0.043479 0.094862 0.113307 0.515150 0.233201 
0.321979 0.086761 0.137532 0.314910 0.138818 
0.066732 0.153091 0.068695 0.315014 0.396467 
0.428156 0.055153 0.068215 0.227866 0.220610 
0.138042 0.154093 0.163724 0.093098 0.451042 
0.056233 0.298032 0.417057 0.164949 0.063730 
0.323730 0.062169 0.382865 0.091736 0.139500 
0.269392 0.052411 0.318658 0.096436 0.263103 
0.002157 0.190510 0.166787 0.309130 0.331416 
0.201121 0.088297 0.152067 0.264891 0.293623 
0.192671 0.250591 0.164894 0.244090 0.147754 
0.252962 0.302133 0.166469 0.245261 0.033176 
0.320886 0.177848 0.081646 0.213291 0.206329 
0.240057 0.110085 0.107955 0.200284 0.341619 
0.232061 0.104580 0.063359 0.275572 0.324427 
0.251608 0.345961 0.298785 0.012152 0.091494 
0.009091 0.130303 0.416161 0.367676 0.076768 
0.213978 0.151613 0.091398 0.280645 0.262365 
0.075357 0.068228 0.039715 0.407331 0.409368 
0.197659 0.258777 0.015605 0.295188 0.232770 
0.061947 0.320626 0.339687 0.101430 0.176310 
0.213720 0.448548 0.065084 0.128408 0.144239 
0.042048 0.049361 0.755025 0.135284 0.018282 
0.623114 0.158292 0.033920 0.045227 0.139447 
0.203585 0.206786 0.323303 0.199744 0.066582 
0.308139 0.129361 0.235465 0.241279 0.085756 
0.055112 0.346645 0.337859 0.209265 0.051119 
0.283561 0.143151 0.213014 0.046576 0.313698 
0.099093 0.306347 0.185881 0.284326 0.124352 
0.232792 0.186388 0.092034 0.128384 0.360402 
0.227033 0.277940 0.055588 0.166179 0.273259 
0.160000 0.298000 0.268000 0.038000 0.236000 
0.113001 0.227217 0.184690 0.224180 0.250911 
0.432077 0.031552 0.090272 0.255916 0.190184 
0.292968 0.015627 0.136719 0.187500 0.367186 
0.000795 0.389507 0.235294 0.217806 0.156598 
0.180766 0.336225 0.126537 0.285611 0.070861 
0.195079 0.008788 0.414762 0.291739 0.089631 
0.200997 0.217608 0.257475 0.318106 0.005814 
0.250000 0.097470 0.334077 0.124256 0.194196 
0.191806 0.108008 0.095593 0.307262 0.297331 
0.278571 0.022728 0.159091 0.290909 0.248701 
0.197600 0.289600 0.033600 0.313600 0.165600 
0.012841 0.374799 0.298555 0.051365 0.262440 
0.096223 0.229317 0.024281 0.446043 0.204137 
0.254462 0.238918 0.246402 0.006333 0.253886 
0.396438 0.183693 0.029054 0.054358 0.336457 
0.118536 0.278441 0.027049 0.252188 0.323787 
0.258097 0.078948 0.234818 0.170547 0.257591 
0.141274 0.283472 0.235457 0.090490 0.249307 
0.258584 0.143777 0.041846 0.136266 0.419527 
0.244604 0.089529 0.116707 0.169464 0.379696 
0.044643 0.336309 0.155754 0.021826 0.441468 
0.200973 0.175183 0.201946 0.200487 0.221411 
0.277884 0.201923 0.207692 0.162500 0.150000 
0.027778 0.259259 0.055556 0.346866 0.310541 
0.225806 0.359319 0.155914 0.255376 0.003585 
0.137696 0.346285 0.229039 0.092706 0.194274 
0.082917 0.360257 0.040744 0.185847 0.330236 
0.030620 0.056012 0.375653 0.186707 0.351008 
0.245916 0.088929 0.168784 0.183303 0.313067 
0.146731 0.281499 0.198565 0.360446 0.012760 
0.249677 0.178525 0.095084 0.283958 0.192756 
0.006628 0.219440 0.328424 0.159794 0.285714 
0.102014 0.221572 0.304093 0.196881 0.175439 
0.217105 0.211988 0.141813 0.121345 0.307748 
0.525056 0.174260 0.023918 0.064921 0.211845 
0.323905 0.062044 0.176095 0.156934 0.281022 
0.336016 0.086519 0.025151 0.402414 0.149900 
0.095433 0.170416 0.204499 0.238582 0.291070 
0.198805 0.244432 0.121673 0.185225 0.249864 
0.213684 0.072632 0.367368 0.238947 0.107369 
0.350842 0.086224 0.418235 0.006938 0.137760 
0.017227 0.013782 0.328165 0.407407 0.233419 
0.516701 0.253653 0.036535 0.000001 0.193111 
0.237880 0.333709 0.072154 0.012402 0.343855 
0.306847 0.043282 0.329457 0.160207 0.160207 
0.368380 0.023792 0.039141 0.207982 0.360706 
0.383838 0.347643 0.127946 0.138889 0.001684 
0.207429 0.136572 0.208571 0.175429 0.272000 
0.145371 0.125000 0.129630 0.222222 0.377777 
0.144863 0.290465 0.199557 0.318551 0.046563 
0.197169 0.094035 0.460060 0.000001 0.248736 
0.366242 0.160297 0.022293 0.200637 0.250531 
0.430826 0.282265 0.008357 0.175488 0.103064 
0.154363 0.048099 0.444071 0.013423 0.340044 
0.093677 0.305620 0.373536 0.193208 0.033958 
0.142659 0.193213 0.120499 0.245152 0.298476 
0.163687 0.211173 0.253631 0.118436 0.253073 
0.222222 0.216821 0.206019 0.012346 0.342592 
0.250000 0.137210 0.506976 0.051163 0.054652 
0.214741 0.310418 0.094260 0.075124 0.305457 
0.339541 0.323782 0.266476 0.044413 0.025788 
0.176471 0.056760 0.402476 0.323013 0.041280 
