14
32
5

0.119084 0.098439 0.067221 0.101208 0.061430 0.040534 0.126636 0.065710 0.105488 0.041541 0.076284 0.003021 0.077291 0.016113 

0.000000 0.006817 0.019647 0.081395 0.085806 0.070168 0.184442 0.056536 0.121892 0.042502 0.083801 0.127907 0.043705 0.075381 
0.120587 0.079365 0.054489 0.036958 0.115849 0.088131 0.063966 0.093580 0.058517 0.001185 0.093817 0.091684 0.072732 0.029140 
0.171289 0.030735 0.073463 0.079835 0.116941 0.035607 0.026237 0.059970 0.010495 0.047226 0.113193 0.116192 0.020990 0.097826 
0.018702 0.081683 0.091859 0.056106 0.026128 0.046205 0.090484 0.110286 0.006601 0.087459 0.136964 0.072882 0.066557 0.108086 
0.035477 0.094512 0.013581 0.072062 0.127217 0.138026 0.036308 0.001386 0.081208 0.082040 0.042129 0.046009 0.119457 0.110588 
0.117647 0.044911 0.110569 0.092263 0.050037 0.071272 0.096900 0.060776 0.056139 0.097388 0.092019 0.021967 0.054918 0.033195 
0.002914 0.097119 0.020719 0.000000 0.130139 0.054063 0.165425 0.078666 0.101327 0.106831 0.121075 0.050178 0.035287 0.036258 
0.089912 0.060100 0.069878 0.055330 0.083234 0.005247 0.086811 0.093728 0.104221 0.091581 0.108037 0.108514 0.030766 0.012640 
0.076346 0.116047 0.104109 0.114936 0.024986 0.047196 0.138256 0.019156 0.043309 0.071349 0.077179 0.002776 0.080511 0.083842 
0.048750 0.092551 0.122989 0.056917 0.096758 0.006434 0.067558 0.022272 0.024994 0.123979 0.124722 0.110369 0.061618 0.040089 
0.043357 0.045303 0.120622 0.014731 0.096720 0.129794 0.139244 0.101723 0.010006 0.123402 0.054753 0.035020 0.054197 0.031128 
0.064038 0.098039 0.095745 0.041719 0.105966 0.042345 0.022320 0.102420 0.084689 0.071756 0.100959 0.036921 0.059658 0.073425 
0.111643 0.119550 0.012937 0.097508 0.060134 0.116914 0.116195 0.037135 0.023479 0.056061 0.082175 0.092477 0.023479 0.050311 
0.066958 0.105220 0.044001 0.128177 0.020224 0.034709 0.096474 0.130910 0.044274 0.122438 0.009566 0.044548 0.078163 0.074337 

0.017983 0.046241 0.045024 0.053948 0.010141 0.042050 0.004462 0.034208 0.008789 0.041915 0.017848 0.005003 0.009059 0.042726 0.062466 0.040698 0.051379 0.021093 0.011898 0.020416 0.001893 0.058680 0.029070 0.068821 0.013521 0.001217 0.035965 0.063413 0.011898 0.039481 0.023661 0.065035 
0.040277 0.048421 0.026301 0.050622 0.032684 0.014856 0.003742 0.016507 0.047650 0.046110 0.003852 0.051942 0.023110 0.046110 0.020579 0.017388 0.027952 0.014966 0.038737 0.049631 0.041818 0.025641 0.028062 0.053153 0.030153 0.012986 0.037746 0.032244 0.027292 0.018268 0.044569 0.026631 
0.005672 0.018289 0.021646 0.024656 0.001621 0.019331 0.053363 0.032758 0.020489 0.029054 0.043755 0.030559 0.008103 0.004051 0.054636 0.028939 0.032758 0.036231 0.055446 0.052437 0.015858 0.050816 0.016784 0.056604 0.049774 0.034610 0.038662 0.042482 0.015858 0.037041 0.058572 0.009145 
0.019585 0.056206 0.003940 0.007185 0.032449 0.001854 0.034535 0.057481 0.007649 0.054583 0.040213 0.029088 0.007533 0.057944 0.016920 0.017036 0.026770 0.042995 0.054352 0.022830 0.034303 0.031174 0.049832 0.055510 0.048673 0.018542 0.021787 0.055163 0.023641 0.017267 0.013095 0.039866 
0.039983 0.018203 0.022517 0.042824 0.052083 0.011995 0.021359 0.003683 0.045665 0.030619 0.045560 0.018098 0.002631 0.039352 0.050400 0.028304 0.020623 0.050715 0.044508 0.002104 0.048927 0.021359 0.014415 0.049874 0.021780 0.047875 0.044823 0.017572 0.034196 0.048611 0.010522 0.048822 
0.021677 0.035101 0.033011 0.053257 0.024758 0.030150 0.036092 0.022887 0.034331 0.018046 0.045114 0.047535 0.041043 0.039613 0.030480 0.001431 0.017276 0.038952 0.040493 0.035761 0.022557 0.029049 0.029599 0.030810 0.036092 0.034441 0.004401 0.045775 0.033451 0.040713 0.029930 0.016175 
0.056260 0.025957 0.056984 0.058433 0.039237 0.008210 0.023421 0.046481 0.018230 0.056984 0.044187 0.040203 0.042376 0.054207 0.051068 0.009538 0.040806 0.046239 0.007002 0.028975 0.056863 0.019196 0.000604 0.021490 0.010262 0.020524 0.054207 0.012194 0.009296 0.007365 0.027285 0.005916 
0.049632 0.021776 0.065894 0.012302 0.049774 0.034644 0.003535 0.027291 0.007636 0.030826 0.036623 0.003252 0.042562 0.010605 0.059248 0.041431 0.004808 0.056844 0.051471 0.045673 0.010322 0.046239 0.058399 0.030402 0.016403 0.055571 0.001414 0.038320 0.011878 0.042421 0.023614 0.009191 
0.036562 0.013580 0.017460 0.006566 0.014475 0.008059 0.069542 0.055813 0.017759 0.056111 0.064468 0.024325 0.017759 0.019400 0.025220 0.006119 0.057454 0.053425 0.057006 0.027757 0.034472 0.040889 0.004925 0.036562 0.025966 0.016117 0.004328 0.000000 0.001642 0.061483 0.061334 0.063423 
0.067047 0.063595 0.007701 0.008763 0.044742 0.048062 0.003452 0.020712 0.011684 0.049920 0.004514 0.013409 0.057621 0.027084 0.046336 0.055895 0.067844 0.007435 0.055364 0.001992 0.007701 0.024827 0.030005 0.050451 0.019384 0.021641 0.006373 0.054700 0.010887 0.035847 0.028014 0.046999 
0.020845 0.047109 0.047526 0.005142 0.035575 0.018066 0.004447 0.026543 0.000973 0.058366 0.031545 0.019733 0.007643 0.031267 0.007921 0.048221 0.027932 0.052112 0.045164 0.017371 0.060589 0.021957 0.055308 0.014036 0.006531 0.059755 0.013202 0.051278 0.010561 0.062257 0.068510 0.022513 
0.044661 0.006799 0.026663 0.016265 0.010932 0.002666 0.064791 0.057726 0.044127 0.062925 0.021864 0.039061 0.030929 0.015731 0.017598 0.014931 0.011065 0.044527 0.043861 0.046127 0.030396 0.029596 0.063725 0.034529 0.013065 0.061592 0.000133 0.033196 0.043061 0.035195 0.015198 0.017064 
0.052818 0.027632 0.000734 0.051596 0.013816 0.041814 0.040103 0.000122 0.049639 0.056975 0.062110 0.014305 0.054774 0.060765 0.030811 0.021152 0.051840 0.042792 0.013327 0.021152 0.007825 0.001834 0.049150 0.007703 0.006236 0.041203 0.002812 0.025186 0.032645 0.052574 0.018706 0.045849 
0.045705 0.043054 0.049735 0.017179 0.012301 0.024178 0.012513 0.048780 0.048462 0.022587 0.021951 0.049947 0.004666 0.003712 0.048250 0.000000 0.032768 0.039767 0.049099 0.040403 0.033298 0.034252 0.029905 0.042948 0.050689 0.041569 0.039767 0.018134 0.001591 0.023860 0.054189 0.014740 

0.168950 0.276256 0.003996 0.267694 0.283105 
0.205405 0.256371 0.006950 0.186100 0.345173 
0.314322 0.308618 0.125475 0.023448 0.228137 
0.297548 0.011929 0.304837 0.100066 0.285619 
0.019207 0.111396 0.477592 0.192061 0.199744 
0.258718 0.208661 0.234533 0.020810 0.277278 
0.132268 0.238857 0.178779 0.213663 0.236434 
0.097876 0.253414 0.086495 0.234446 0.327769 
0.399820 0.074574 0.343216 0.126685 0.055706 
0.286817 0.016721 0.183923 0.280386 0.232154 
0.250170 0.218814 0.189502 0.139059 0.202454 
0.407862 0.131859 0.297297 0.094185 0.068796 
0.284042 0.286506 0.274184 0.048059 0.107209 
0.115747 0.366083 0.123823 0.235532 0.158816 
0.160551 0.255734 0.255734 0.240826 0.087156 
0.120279 0.441351 0.210736 0.056660 0.170974 
0.252415 0.037440 0.439613 0.193237 0.077295 
0.259635 0.338742 0.064909 0.000001 0.336713 
0.281451 0.016129 0.279032 0.194355 0.229032 
0.272489 0.069869 0.221834 0.358952 0.076856 
0.397233 0.206522 0.303359 0.011858 0.081028 
0.298295 0.184659 0.329545 0.137784 0.049716 
0.218750 0.308593 0.022136 0.000001 0.450520 
0.301500 0.248295 0.242838 0.000682 0.206685 
0.364107 0.217842 0.088175 0.100623 0.229253 
0.260846 0.105517 0.214783 0.252812 0.166042 
0.134694 0.222740 0.249563 0.117784 0.275219 
0.144982 0.281041 0.043123 0.191078 0.339777 
0.081731 0.036539 0.247115 0.267308 0.367307 
0.228843 0.037997 0.338514 0.034543 0.360103 
0.057232 0.279917 0.119667 0.118627 0.424557 
0.022482 0.000000 0.370503 0.400179 0.206835 
0.371538 0.243846 0.062308 0.022308 0.300000 
0.218367 0.092857 0.272449 0.233673 0.182653 
0.189381 0.154572 0.081416 0.283186 0.291445 
0.179938 0.244571 0.142709 0.255946 0.176836 
0.019700 0.286116 0.014072 0.361163 0.318949 
0.066394 0.256557 0.127049 0.140984 0.409016 
0.369597 0.154247 0.239195 0.066319 0.170641 
0.121130 0.253123 0.202064 0.202064 0.221619 
0.377643 0.008057 0.370594 0.084592 0.159114 
0.169636 0.362509 0.337722 0.113865 0.016267 
0.084303 0.013082 0.245639 0.291424 0.365552 
0.128859 0.161074 0.264429 0.269799 0.175839 
0.291695 0.295127 0.123542 0.255319 0.034317 
0.051879 0.083185 0.089446 0.431127 0.344365 
0.245436 0.036511 0.313725 0.288032 0.116295 
0.085228 0.250000 0.329545 0.283279 0.051948 
0.292320 0.388934 0.224608 0.042114 0.052023 
0.227952 0.234217 0.146506 0.227952 0.163374 
0.211024 0.151181 0.349606 0.025197 0.262992 
0.181569 0.267336 0.368613 0.114051 0.068431 
0.207910 0.136723 0.193785 0.263842 0.197740 
0.011153 0.247212 0.302044 0.169145 0.270446 
0.407766 0.037622 0.094661 0.291262 0.168689 
0.047233 0.181550 0.273801 0.316605 0.180812 
0.191424 0.603368 0.044411 0.133232 0.027566 
0.344531 0.244531 0.103125 0.290625 0.017188 
0.015937 0.327490 0.151395 0.341832 0.163347 
0.119643 0.323214 0.299107 0.113393 0.144643 
0.165165 0.113113 0.124124 0.137137 0.460460 
0.082849 0.311046 0.352471 0.018169 0.235465 
0.070884 0.074695 0.197409 0.358231 0.298780 
0.119494 0.239494 0.248101 0.210127 0.182785 
0.051476 0.323240 0.236942 0.207419 0.180924 
0.256267 0.309888 0.350975 0.018803 0.064067 
0.264747 0.207865 0.150281 0.084270 0.292837 
0.000001 0.478488 0.080798 0.198321 0.242392 
0.191549 0.350704 0.213380 0.152113 0.092254 
0.094899 0.143535 0.286477 0.236655 0.238434 
0.201408 0.257746 0.049296 0.270422 0.221127 
0.125000 0.066057 0.461381 0.341463 0.006098 
0.571899 0.062810 0.297520 0.006612 0.061158 
0.093024 0.150269 0.347048 0.017890 0.391770 
0.412111 0.307821 0.172414 0.099243 0.008411 
0.313980 0.129870 0.233002 0.275783 0.047365 
0.246260 0.230150 0.040276 0.240506 0.242808 
0.204594 0.105528 0.058148 0.264896 0.366834 
0.151885 0.324833 0.058759 0.247228 0.217295 
0.026767 0.502141 0.026767 0.189508 0.254818 
0.015106 0.228399 0.257402 0.207251 0.291843 
0.166068 0.365205 0.208483 0.197700 0.062545 
0.189043 0.245033 0.232992 0.113185 0.219747 
0.090072 0.306039 0.159673 0.048107 0.396110 
0.129304 0.302219 0.215761 0.065800 0.286916 
0.131098 0.463413 0.378047 0.024392 0.003050 
0.225136 0.245931 0.266727 0.122062 0.140145 
0.165925 0.160204 0.306421 0.318500 0.048951 
0.388755 0.181818 0.153110 0.261962 0.014355 
0.215544 0.106736 0.302590 0.068394 0.306735 
0.166378 0.146447 0.103986 0.411611 0.171577 
0.073254 0.239353 0.214651 0.407155 0.065588 
0.054422 0.469387 0.012634 0.127308 0.336248 
0.061151 0.230216 0.241906 0.401978 0.064749 
0.047211 0.216738 0.039700 0.339055 0.357296 
0.139364 0.294010 0.176650 0.297066 0.092910 
0.036049 0.279019 0.173035 0.298486 0.213410 
0.103210 0.320327 0.171177 0.254248 0.151038 
0.155467 0.025076 0.301905 0.226680 0.290872 
0.233260 0.147167 0.256806 0.068433 0.294334 
0.196507 0.422488 0.000001 0.103712 0.277292 
0.012549 0.069020 0.301176 0.293333 0.323921 
0.164786 0.256584 0.211437 0.125659 0.241535 
0.293572 0.235918 0.257787 0.179589 0.033135 
0.425079 0.312433 0.027631 0.004251 0.230606 
0.133082 0.163214 0.228500 0.201507 0.273697 
0.269039 0.209114 0.171036 0.189763 0.161049 
0.146032 0.398412 0.290476 0.011111 0.153968 
0.224091 0.256647 0.247423 0.099837 0.172002 
0.005324 0.283650 0.297338 0.111787 0.301901 
0.047663 0.331805 0.144821 0.127406 0.348304 
0.300448 0.260730 0.150545 0.009610 0.278667 
0.233813 0.287170 0.049760 0.148082 0.281175 
0.209362 0.117447 0.224681 0.393191 0.055319 
0.257315 0.123924 0.264200 0.286575 0.067987 
0.330940 0.330940 0.147882 0.160804 0.029433 
0.254028 0.072986 0.079621 0.223697 0.369668 
0.302355 0.311903 0.043921 0.234882 0.106938 
0.119291 0.167689 0.345603 0.095433 0.271984 
0.239943 0.254058 0.037403 0.188426 0.280169 
0.340036 0.134369 0.031079 0.077697 0.416819 
0.200928 0.218833 0.224138 0.022547 0.333554 
0.239538 0.200577 0.129870 0.209235 0.220779 
0.178466 0.057522 0.188053 0.204277 0.371681 
0.070353 0.007539 0.487435 0.341708 0.092965 
0.308912 0.084592 0.125378 0.162387 0.318731 
0.225457 0.239155 0.251141 0.107306 0.176941 
0.082870 0.266963 0.276418 0.279199 0.094550 
0.162830 0.388746 0.011083 0.215686 0.221654 
0.418125 0.061792 0.296601 0.077240 0.146241 
0.327011 0.191629 0.152387 0.007195 0.321779 
0.057485 0.027545 0.277844 0.026348 0.610777 
0.114852 0.163366 0.118812 0.359406 0.243564 
0.228979 0.242492 0.334835 0.147147 0.046547 
0.126246 0.081063 0.194684 0.313621 0.284385 
0.227134 0.119665 0.192073 0.127287 0.333841 
0.257171 0.146390 0.172107 0.184965 0.239367 
0.122250 0.279543 0.398533 0.046455 0.153219 
0.135975 0.393939 0.013986 0.203574 0.252525 
0.018692 0.258806 0.340762 0.050324 0.331416 
0.080842 0.038760 0.281284 0.276855 0.322259 
0.258064 0.385199 0.146110 0.117647 0.092979 
0.309071 0.060127 0.176160 0.296413 0.158228 
0.246043 0.190647 0.283453 0.025180 0.254676 
0.097911 0.234987 0.315927 0.216057 0.135118 
0.120926 0.281303 0.319039 0.193825 0.084906 
0.153384 0.251092 0.225983 0.268559 0.100983 
0.100218 0.306463 0.124183 0.209877 0.259259 
0.191610 0.088436 0.510203 0.085034 0.124717 
0.146531 0.172847 0.202751 0.226675 0.251196 
0.228604 0.193131 0.210586 0.101915 0.265766 
0.269807 0.224839 0.007495 0.458243 0.039615 
0.294171 0.022769 0.428961 0.035520 0.218579 
0.241239 0.113285 0.038305 0.208639 0.398533 
0.198108 0.086340 0.240095 0.270846 0.204613 
0.134627 0.297150 0.283808 0.047302 0.237113 
0.097687 0.344473 0.133676 0.098544 0.325621 
0.266281 0.119392 0.332851 0.125181 0.156295 
0.177345 0.017642 0.361188 0.285051 0.158774 
0.066338 0.126323 0.347918 0.330981 0.128440 
0.142503 0.287484 0.236059 0.135688 0.198265 
0.346799 0.261433 0.134909 0.129573 0.127287 
0.186391 0.274162 0.062131 0.011835 0.465483 
0.165605 0.157113 0.252123 0.226645 0.198514 
0.232143 0.340909 0.250000 0.160714 0.016234 
0.270465 0.289456 0.235756 0.102816 0.101506 
0.043287 0.363957 0.133392 0.410777 0.048587 
0.250716 0.146132 0.181948 0.239255 0.181948 
0.174465 0.026070 0.266711 0.195187 0.337567 
0.221692 0.210778 0.079127 0.273533 0.214870 
0.275942 0.124638 0.182029 0.259130 0.158261 
0.218920 0.090639 0.251610 0.244676 0.194156 
0.058774 0.184719 0.220823 0.339210 0.196474 
0.354411 0.118383 0.044118 0.351470 0.131618 
0.561480 0.157037 0.032593 0.174815 0.074075 
0.140845 0.063074 0.221678 0.290876 0.283527 
0.073665 0.281768 0.092082 0.534068 0.018417 
0.218952 0.173043 0.050030 0.268393 0.289582 
0.339285 0.078948 0.177632 0.327067 0.077068 
0.236259 0.308449 0.030353 0.073011 0.351928 
0.211811 0.242476 0.256104 0.010222 0.279387 
0.298410 0.291185 0.090318 0.077312 0.242774 
0.197232 0.185698 0.235871 0.170127 0.211073 
0.080550 0.161100 0.307465 0.151277 0.299607 
0.217080 0.219035 0.095176 0.329856 0.138853 
0.192839 0.084171 0.311558 0.320352 0.091081 
0.237585 0.079845 0.000974 0.398247 0.283349 
0.164941 0.215976 0.365384 0.146450 0.107249 
0.035561 0.298590 0.306560 0.183936 0.175353 
0.156188 0.330245 0.233620 0.125083 0.154864 
0.159566 0.153718 0.101922 0.233918 0.350877 
0.312195 0.353170 0.042927 0.270244 0.021464 
0.228106 0.039715 0.063137 0.243381 0.425661 
0.250744 0.204613 0.364583 0.110119 0.069941 
0.000001 0.520731 0.330487 0.001220 0.147561 
0.062257 0.652398 0.083009 0.180285 0.022050 
0.437274 0.107528 0.125449 0.107528 0.222222 
0.283935 0.132005 0.057285 0.246575 0.280199 
0.079812 0.282472 0.057121 0.241001 0.339593 
0.109721 0.063523 0.350337 0.330125 0.146295 
0.046736 0.272255 0.166914 0.226261 0.287834 
0.077720 0.347150 0.315198 0.094992 0.164940 
0.074755 0.069853 0.188726 0.080883 0.585783 
0.097561 0.180057 0.197274 0.357962 0.167145 
0.033777 0.051177 0.447287 0.346980 0.120778 
0.108344 0.276463 0.122042 0.233499 0.259651 
0.025474 0.194580 0.252574 0.260163 0.267209 
0.317523 0.294466 0.173254 0.121871 0.092886 
0.000000 0.359190 0.169477 0.209106 0.262226 
0.229025 0.265873 0.215419 0.217687 0.071996 
0.309359 0.397044 0.000986 0.196059 0.096552 
0.089306 0.046307 0.085998 0.341786 0.436604 
0.115325 0.115325 0.321207 0.167183 0.280960 
0.052296 0.182398 0.280612 0.431122 0.053572 
0.397325 0.218725 0.055862 0.207710 0.120378 
0.126941 0.172856 0.320054 0.215395 0.164754 
0.154820 0.074976 0.327166 0.203505 0.239533 
0.185584 0.195526 0.159072 0.136703 0.323115 
0.352941 0.141177 0.122491 0.156401 0.226990 
0.473884 0.106363 0.001900 0.387464 0.030390 
0.308341 0.051547 0.020619 0.311153 0.308341 
0.054546 0.319999 0.559998 0.007274 0.058182 
0.190476 0.277056 0.048702 0.400432 0.083334 
0.264353 0.166562 0.278233 0.222713 0.068139 
0.037389 0.241543 0.240949 0.287834 0.192285 
0.057771 0.038243 0.288039 0.383238 0.232709 
0.114800 0.272476 0.285615 0.076764 0.250346 
0.355140 0.175871 0.222600 0.134240 0.112150 
0.424657 0.267123 0.169521 0.036815 0.101884 
0.303720 0.318147 0.350797 0.026576 0.000760 
0.156077 0.241713 0.192680 0.177486 0.232044 
0.106965 0.286899 0.215589 0.098674 0.291874 
0.239061 0.155358 0.232720 0.298034 0.074826 
0.173077 0.121795 0.196795 0.241667 0.266667 
0.095120 0.140612 0.097602 0.389578 0.277088 
0.304511 0.084963 0.373684 0.000000 0.236842 
0.359477 0.127918 0.205416 0.276377 0.030813 
0.137973 0.094017 0.339438 0.300366 0.128205 
0.224051 0.243671 0.147468 0.101266 0.283544 
0.350961 0.022116 0.281731 0.071154 0.274038 
0.164794 0.192616 0.162654 0.272338 0.207598 
0.166379 0.265400 0.073690 0.273460 0.221071 
0.454545 0.133971 0.283493 0.052632 0.075359 
0.202439 0.343089 0.275610 0.136586 0.042277 
0.210155 0.295486 0.162200 0.204513 0.127645 
0.122750 0.174304 0.394435 0.162848 0.145663 
0.064882 0.525231 0.065912 0.285273 0.058703 
0.065814 0.391224 0.062158 0.379341 0.101463 
0.025957 0.054645 0.374316 0.441256 0.103825 
0.168104 0.427801 0.220905 0.095905 0.087285 
0.105493 0.136879 0.278117 0.293810 0.185702 
0.118513 0.346243 0.142525 0.242448 0.150271 
0.099396 0.300201 0.271995 0.018133 0.310275 
0.122581 0.269795 0.151906 0.174780 0.280938 
0.421985 0.067376 0.367907 0.126773 0.015958 
0.320711 0.166152 0.119784 0.235703 0.157651 
0.276455 0.205026 0.194444 0.296296 0.027778 
0.102582 0.213538 0.018842 0.309839 0.355199 
0.014100 0.246204 0.251085 0.232104 0.256508 
0.191844 0.325301 0.263207 0.127896 0.091752 
0.064974 0.078417 0.294249 0.273338 0.289021 
0.015067 0.215960 0.251674 0.270089 0.247210 
0.164867 0.263499 0.013679 0.320374 0.237581 
0.278560 0.323943 0.124413 0.271518 0.001565 
0.054663 0.305466 0.099679 0.437298 0.102894 
0.067811 0.212418 0.390523 0.089053 0.240196 
0.267792 0.130278 0.281061 0.061520 0.259348 
0.172414 0.237600 0.224846 0.186585 0.178555 
0.113848 0.129827 0.304261 0.306258 0.145806 
0.017065 0.079352 0.310580 0.383959 0.209044 
0.033622 0.034583 0.297790 0.338136 0.295869 
0.236008 0.258934 0.167903 0.234659 0.102495 
0.189388 0.040817 0.268571 0.134694 0.366530 
0.106558 0.113730 0.261270 0.182377 0.336065 
0.512959 0.158254 0.219645 0.028650 0.080492 
0.258154 0.174879 0.260236 0.178348 0.128383 
0.063513 0.249514 0.276085 0.114712 0.296176 
0.108561 0.301489 0.200993 0.130893 0.258064 
0.213552 0.093429 0.296714 0.121150 0.275154 
0.464285 0.029954 0.031106 0.137097 0.337557 
0.121978 0.231596 0.191295 0.206878 0.248254 
0.070120 0.188845 0.195219 0.388047 0.157769 
0.104699 0.103875 0.266282 0.392415 0.132729 
0.254723 0.214836 0.306508 0.004899 0.219034 
0.285259 0.080478 0.114741 0.295617 0.223904 
0.186770 0.042802 0.090792 0.443579 0.236057 
0.152482 0.174645 0.128546 0.125887 0.418439 
0.241577 0.015258 0.178640 0.303242 0.261284 
0.216216 0.122661 0.052668 0.290367 0.318087 
0.152801 0.016129 0.398132 0.412563 0.020374 
0.083334 0.228155 0.404530 0.043690 0.240291 
0.387955 0.182073 0.004202 0.415966 0.009805 
0.183150 0.282051 0.096154 0.086997 0.351648 
0.232558 0.109365 0.150220 0.269013 0.238843 
0.282282 0.135135 0.156156 0.110110 0.316316 
0.109524 0.043651 0.269841 0.325397 0.251587 
0.315156 0.084278 0.268413 0.312323 0.019830 
0.087313 0.197817 0.197135 0.347885 0.169850 
0.091565 0.272531 0.281182 0.333814 0.020909 
0.116667 0.014103 0.197436 0.573076 0.098718 
0.053585 0.362780 0.024620 0.221579 0.337436 
0.229686 0.318618 0.303263 0.016635 0.131798 
0.008244 0.388293 0.244023 0.275350 0.084089 
0.269030 0.106915 0.184195 0.195816 0.244044 
0.118771 0.041638 0.227304 0.331058 0.281229 
0.100857 0.440532 0.027593 0.260704 0.170314 
0.212969 0.094198 0.297611 0.292150 0.103072 
0.228720 0.121019 0.277359 0.171396 0.201505 
0.244532 0.238923 0.120023 0.199103 0.197420 
0.154092 0.157280 0.341126 0.239107 0.108396 
0.254379 0.091394 0.340441 0.028180 0.285605 
0.117000 0.016000 0.391000 0.467999 0.008000 
0.058506 0.252925 0.423042 0.171917 0.093610 
0.113549 0.134194 0.011614 0.286451 0.454193 
0.079576 0.008842 0.232538 0.275862 0.403183 
0.313088 0.138580 0.136014 0.324208 0.088110 
0.453994 0.071429 0.391041 0.049637 0.033899 
0.294760 0.275837 0.032751 0.213974 0.182678 
0.044662 0.061410 0.316818 0.263084 0.314026 
0.234940 0.143374 0.275301 0.183735 0.162651 
0.294016 0.177215 0.181243 0.070196 0.277330 
0.240431 0.070620 0.245822 0.230189 0.212938 
0.168919 0.177235 0.211538 0.209459 0.232848 
0.176625 0.263627 0.183962 0.168763 0.207023 
0.035834 0.122500 0.352500 0.245000 0.244167 
0.081219 0.085279 0.228426 0.498476 0.106599 
0.083871 0.381566 0.249769 0.198157 0.086636 
0.533834 0.154673 0.015038 0.245972 0.050484 
0.259094 0.377876 0.049740 0.137342 0.175947 
0.144672 0.140438 0.319689 0.326746 0.068455 
0.343089 0.147968 0.257723 0.013822 0.237398 
0.265969 0.205947 0.134912 0.187775 0.205396 
0.245297 0.251809 0.062229 0.337192 0.103473 
0.255583 0.106700 0.171216 0.459055 0.007445 
0.060884 0.095079 0.315262 0.209341 0.319433 
0.267117 0.237532 0.181741 0.117498 0.196112 
0.180055 0.123961 0.270083 0.088643 0.337257 
0.293154 0.090111 0.234055 0.247513 0.135167 
0.123826 0.240610 0.251760 0.225352 0.158451 
0.223694 0.114055 0.208977 0.247976 0.205298 
0.272847 0.218935 0.003288 0.332018 0.172913 
0.342551 0.073149 0.387154 0.093667 0.103479 
0.018995 0.310614 0.210056 0.162011 0.298324 
0.048114 0.169492 0.262985 0.245489 0.273920 
0.287425 0.096557 0.090569 0.287425 0.238024 
0.278249 0.320052 0.036578 0.116917 0.248204 
0.211429 0.124572 0.185714 0.234286 0.244000 
0.276898 0.083015 0.170399 0.226652 0.243037 
0.108052 0.206469 0.337921 0.217481 0.130076 
0.060787 0.600714 0.100120 0.151371 0.087009 
0.166930 0.365506 0.009494 0.081488 0.376582 
0.343307 0.142520 0.224409 0.000000 0.289764 
0.256319 0.199697 0.133974 0.231547 0.178463 
0.019838 0.350766 0.064924 0.238052 0.326420 
0.053455 0.093873 0.112125 0.509777 0.230769 
0.308524 0.085878 0.136132 0.311705 0.157761 
0.066732 0.153091 0.068695 0.315014 0.396467 
0.434719 0.054520 0.067432 0.225251 0.218077 
0.138042 0.154093 0.163724 0.093098 0.451042 
0.055402 0.293629 0.410895 0.162512 0.077563 
0.323730 0.062169 0.382865 0.091736 0.139500 
0.269392 0.052411 0.318658 0.096436 0.263103 
0.002157 0.190510 0.166787 0.309130 0.331416 
0.200000 0.088421 0.152281 0.265263 0.294035 
0.179121 0.232967 0.223626 0.226923 0.137363 
0.252962 0.302133 0.166469 0.245261 0.033176 
0.320886 0.177848 0.081646 0.213291 0.206329 
0.240057 0.110085 0.107955 0.200284 0.341619 
0.229842 0.103241 0.062547 0.272042 0.332328 
0.251608 0.345961 0.298785 0.012152 0.091494 
0.009091 0.130303 0.416161 0.367676 0.076768 
0.213978 0.151613 0.091398 0.280645 0.262365 
0.075357 0.068228 0.039715 0.407331 0.409368 
0.197659 0.258777 0.015605 0.295188 0.232770 
0.061947 0.320626 0.339687 0.101430 0.176310 
0.202331 0.424646 0.061616 0.121566 0.189842 
0.042048 0.049361 0.755025 0.135284 0.018282 
0.623114 0.158292 0.033920 0.045227 0.139447 
0.203585 0.206786 0.323303 0.199744 0.066582 
0.308139 0.129361 0.235465 0.241279 0.085756 
0.054417 0.342271 0.333596 0.206625 0.063092 
0.283561 0.143151 0.213014 0.046576 0.313698 
0.099093 0.306347 0.185881 0.284326 0.124352 
0.232792 0.186388 0.092034 0.128384 0.360402 
0.267034 0.326910 0.065382 0.195458 0.145217 
0.160560 0.297801 0.267821 0.037975 0.235843 
0.113001 0.227217 0.184690 0.224180 0.250911 
0.388495 0.028369 0.081167 0.330969 0.171001 
0.361485 0.013515 0.118244 0.189189 0.317567 
0.000795 0.389507 0.235294 0.217806 0.156598 
0.180766 0.336225 0.126537 0.285611 0.070861 
0.444848 0.006061 0.286060 0.201212 0.061819 
0.200997 0.217608 0.257475 0.318106 0.005814 
0.250000 0.097470 0.334077 0.124256 0.194196 
0.192284 0.105787 0.095831 0.308027 0.298071 
0.278571 0.022728 0.159091 0.290909 0.248701 
0.197600 0.289600 0.033600 0.313600 0.165600 
0.011645 0.339883 0.270742 0.139738 0.237991 
0.093532 0.222902 0.051574 0.433566 0.198427 
0.254462 0.238918 0.246402 0.006333 0.253886 
0.395872 0.183865 0.029081 0.054409 0.336773 
0.118536 0.278441 0.027049 0.252188 0.323787 
0.258097 0.078948 0.234818 0.170547 0.257591 
0.141274 0.283472 0.235457 0.090490 0.249307 
0.256383 0.142553 0.041490 0.135107 0.424467 
0.243050 0.095314 0.115965 0.168388 0.377283 
0.044643 0.336309 0.155754 0.021826 0.441468 
0.200973 0.175183 0.201946 0.200487 0.221411 
0.222994 0.162037 0.166667 0.327932 0.120371 
0.027778 0.259259 0.055556 0.346866 0.310541 
0.225806 0.359319 0.155914 0.255376 0.003585 
0.137696 0.346285 0.229039 0.092706 0.194274 
0.082917 0.360257 0.040744 0.185847 0.330236 
0.037928 0.067530 0.465309 0.231267 0.197965 
0.245916 0.088929 0.168784 0.183303 0.313067 
0.146731 0.281499 0.198565 0.360446 0.012760 
0.249677 0.178525 0.095084 0.283958 0.192756 
0.006667 0.220741 0.330370 0.154815 0.287407 
0.102014 0.221572 0.304093 0.196881 0.175439 
0.217105 0.211988 0.141813 0.121345 0.307748 
0.533556 0.171141 0.023490 0.063759 0.208054 
0.325091 0.062271 0.176740 0.157509 0.278388 
0.336016 0.086519 0.025151 0.402414 0.149900 
0.096312 0.165301 0.204918 0.239071 0.294399 
0.198805 0.244432 0.121673 0.185225 0.249864 
0.213909 0.071655 0.367755 0.239199 0.107482 
0.348082 0.085546 0.422812 0.006883 0.136677 
0.017227 0.013782 0.328165 0.407407 0.233419 
0.515624 0.253125 0.036459 0.000001 0.194792 
0.237880 0.333709 0.072154 0.012402 0.343855 
0.169505 0.051858 0.394736 0.191950 0.191950 
0.368380 0.023792 0.039141 0.207982 0.360706 
0.383838 0.347643 0.127946 0.138889 0.001684 
0.207429 0.136572 0.208571 0.175429 0.272000 
0.145371 0.125000 0.129630 0.222222 0.377777 
0.148373 0.297502 0.204391 0.302044 0.047691 
0.196970 0.093940 0.459595 0.001011 0.248485 
0.366242 0.160297 0.022293 0.200637 0.250531 
0.421435 0.276112 0.037239 0.171662 0.093552 
0.154363 0.048099 0.444071 0.013423 0.340044 
0.093677 0.305620 0.373536 0.193208 0.033958 
0.142659 0.193213 0.120499 0.245152 0.298476 
0.169757 0.219003 0.225956 0.122827 0.262456 
0.202532 0.222310 0.211234 0.012659 0.351266 
0.259348 0.103740 0.527140 0.053076 0.056695 
0.219724 0.317621 0.096447 0.076868 0.289340 
0.339541 0.323782 0.266476 0.044413 0.025788 
0.227493 0.053243 0.377541 0.303001 0.038723 
