( num nodes 45 )
( name nodes 0 1 2 3 4 5 6 7 8 9 10 11 12 13 14 15 16 17 18 19 20 21 22 23 24 25 26 27 28 29 30 31 32 33 34 35 36 37 38 39 40 41 42 43 44 )
( node 0 0.303619 0.59376 )
( node 1 0.214583 0.604773 )
( node 2 0.234478 0.508148 )
( node 3 0.310094 0.479209 )
( node 4 0.374956 0.550872 )
( node 5 0.542849 0.882159 )
( node 6 0.464431 0.832302 )
( node 7 0.463664 0.761482 )
( node 8 0.548268 0.694961 )
( node 9 0.583371 0.797389 )
( node 10 0.288445 0.842886 )
( node 11 0.218704 0.787562 )
( node 12 0.186335 0.702587 )
( node 13 0.286188 0.684038 )
( node 14 0.347133 0.754924 )
( node 15 0.237504 0.294434 )
( node 16 0.140783 0.247585 )
( node 17 0.114037 0.128526 )
( node 18 0.226195 0.142009 )
( node 19 0.311182 0.195938 )
( node 20 0.847901 0.442987 )
( node 21 0.777729 0.365015 )
( node 22 0.728672 0.277531 )
( node 23 0.83994 0.270787 )
( node 24 0.890469 0.335462 )
( node 25 0.675903 0.230519 )
( node 26 0.618869 0.261891 )
( node 27 0.572319 0.212033 )
( node 28 0.5659 0.148302 )
( node 29 0.618015 0.105309 )
( node 30 0.694025 0.109548 )
( node 31 0.711735 0.1838 )
( node 32 0.674304 0.64472 )
( node 33 0.564421 0.562159 )
( node 34 0.674348 0.474539 )
( node 35 0.727071 0.562107 )
( node 36 0.544944 0.43257 )
( node 37 0.465831 0.357489 )
( node 38 0.462509 0.291405 )
( node 39 0.539914 0.235841 )
( node 40 0.608241 0.324961 )
( node 41 0.79729 0.833705 )
( node 42 0.729365 0.765441 )
( node 43 0.797136 0.652952 )
( node 44 0.879912 0.765616 )
( connection 0 1 0.0897137 )
( connection 0 4 0.083237 )
( connection 0 6 0.287685 )
( connection 0 7 0.23183 )
( connection 0 8 0.264754 )
( connection 0 12 0.159995 )
( connection 0 13 0.0919451 )
( connection 0 14 0.166935 )
( connection 0 21 0.526408 )
( connection 0 32 0.374172 )
( connection 0 33 0.26271 )
( connection 0 34 0.389428 )
( connection 0 42 0.459058 )
( connection 1 0 0.0897137 )
( connection 1 2 0.0986514 )
( connection 1 6 0.337925 )
( connection 1 7 0.294277 )
( connection 1 8 0.345658 )
( connection 1 12 0.101811 )
( connection 1 13 0.106818 )
( connection 1 15 0.311184 )
( connection 1 16 0.364732 )
( connection 1 17 0.486745 )
( connection 1 32 0.461453 )
( connection 1 43 0.584542 )
( connection 2 1 0.0986514 )
( connection 2 3 0.0809646 )
( connection 2 12 0.20031 )
( connection 2 15 0.213736 )
( connection 2 16 0.276897 )
( connection 2 19 0.321494 )
( connection 2 28 0.489214 )
( connection 2 37 0.276084 )
( connection 2 38 0.314604 )
( connection 3 2 0.0809646 )
( connection 3 4 0.0966574 )
( connection 3 8 0.321366 )
( connection 3 15 0.198522 )
( connection 3 16 0.286907 )
( connection 3 19 0.283272 )
( connection 3 20 0.539025 )
( connection 3 28 0.418254 )
( connection 3 32 0.400054 )
( connection 3 33 0.267513 )
( connection 3 34 0.364284 )
( connection 3 36 0.239436 )
( connection 3 37 0.197661 )
( connection 3 38 0.241869 )
( connection 3 41 0.602518 )
( connection 3 42 0.507658 )
( connection 4 0 0.083237 )
( connection 4 3 0.0966574 )
( connection 4 6 0.295311 )
( connection 4 7 0.22853 )
( connection 4 8 0.225386 )
( connection 4 12 0.242064 )
( connection 4 13 0.160041 )
( connection 4 14 0.20594 )
( connection 4 15 0.290953 )
( connection 4 16 0.38317 )
( connection 4 19 0.360617 )
( connection 4 21 0.443587 )
( connection 4 32 0.313715 )
( connection 4 33 0.189801 )
( connection 4 34 0.30897 )
( connection 4 36 0.207102 )
( connection 4 37 0.213671 )
( connection 4 38 0.27384 )
( connection 4 41 0.508292 )
( connection 4 42 0.414302 )
( connection 5 6 0.0929256 )
( connection 5 9 0.0939573 )
( connection 5 10 0.257418 )
( connection 5 20 0.534723 )
( connection 5 32 0.271399 )
( connection 5 35 0.369284 )
( connection 5 41 0.259013 )
( connection 5 42 0.220025 )
( connection 5 43 0.342341 )
( connection 6 0 0.287685 )
( connection 6 1 0.337925 )
( connection 6 4 0.295311 )
( connection 6 5 0.0929256 )
( connection 6 7 0.0708236 )
( connection 6 10 0.176304 )
( connection 6 13 0.231847 )
( connection 6 14 0.140521 )
( connection 6 19 0.654556 )
( connection 7 0 0.23183 )
( connection 7 1 0.294277 )
( connection 7 4 0.22853 )
( connection 7 6 0.0708236 )
( connection 7 8 0.107624 )
( connection 7 10 0.193206 )
( connection 7 13 0.193638 )
( connection 7 14 0.116716 )
( connection 7 19 0.585739 )
( connection 7 25 0.571811 )
( connection 7 31 0.628694 )
( connection 7 33 0.223342 )
( connection 7 36 0.338806 )
( connection 7 37 0.403999 )
( connection 7 38 0.470078 )
( connection 7 40 0.459841 )
( connection 8 0 0.264754 )
( connection 8 1 0.345658 )
( connection 8 3 0.321366 )
( connection 8 4 0.225386 )
( connection 8 7 0.107624 )
( connection 8 9 0.108276 )
( connection 8 10 0.298982 )
( connection 8 13 0.262308 )
( connection 8 14 0.209883 )
( connection 8 15 0.506948 )
( connection 8 16 0.605135 )
( connection 8 19 0.552479 )
( connection 8 26 0.438787 )
( connection 8 32 0.13568 )
( connection 8 33 0.133781 )
( connection 8 36 0.262412 )
( connection 8 37 0.347395 )
( connection 8 40 0.374829 )
( connection 8 41 0.285065 )
( connection 8 42 0.194328 )
( connection 8 43 0.252389 )
( connection 9 5 0.0939573 )
( connection 9 8 0.108276 )
( connection 9 20 0.44224 )
( connection 9 32 0.177697 )
( connection 9 33 0.235992 )
( connection 9 35 0.275694 )
( connection 9 36 0.366837 )
( connection 9 37 0.455332 )
( connection 9 41 0.216979 )
( connection 9 42 0.149449 )
( connection 9 43 0.257987 )
( connection 10 5 0.257418 )
( connection 10 6 0.176304 )
( connection 10 7 0.193206 )
( connection 10 8 0.298982 )
( connection 10 11 0.0890203 )
( connection 10 14 0.105744 )
( connection 10 22 0.716538 )
( connection 10 33 0.393663 )
( connection 11 10 0.0890203 )
( connection 11 12 0.0909317 )
( connection 12 0 0.159995 )
( connection 12 1 0.101811 )
( connection 12 2 0.20031 )
( connection 12 4 0.242064 )
( connection 12 11 0.0909317 )
( connection 12 13 0.10156 )
( connection 12 15 0.411348 )
( connection 12 16 0.457276 )
( connection 12 17 0.578595 )
( connection 12 19 0.521804 )
( connection 12 21 0.680956 )
( connection 12 33 0.403322 )
( connection 12 34 0.538667 )
( connection 12 36 0.448897 )
( connection 13 0 0.0919451 )
( connection 13 1 0.106818 )
( connection 13 4 0.160041 )
( connection 13 6 0.231847 )
( connection 13 7 0.193638 )
( connection 13 8 0.262308 )
( connection 13 12 0.10156 )
( connection 13 14 0.0934834 )
( connection 13 21 0.585994 )
( connection 13 22 0.600866 )
( connection 13 32 0.390103 )
( connection 13 33 0.303757 )
( connection 13 34 0.441088 )
( connection 13 36 0.360819 )
( connection 13 43 0.511893 )
( connection 14 0 0.166935 )
( connection 14 4 0.20594 )
( connection 14 6 0.140521 )
( connection 14 7 0.116716 )
( connection 14 8 0.209883 )
( connection 14 10 0.105744 )
( connection 14 13 0.0934834 )
( connection 14 21 0.580898 )
( connection 14 22 0.611127 )
( connection 14 25 0.618943 )
( connection 14 31 0.677582 )
( connection 14 32 0.345233 )
( connection 14 33 0.29047 )
( connection 14 36 0.378208 )
( connection 14 37 0.414781 )
( connection 14 38 0.477662 )
( connection 15 1 0.311184 )
( connection 15 2 0.213736 )
( connection 15 3 0.198522 )
( connection 15 4 0.290953 )
( connection 15 8 0.506948 )
( connection 15 12 0.411348 )
( connection 15 16 0.107469 )
( connection 15 19 0.123004 )
( connection 15 27 0.344806 )
( connection 15 28 0.359442 )
( connection 15 29 0.42492 )
( connection 15 33 0.422554 )
( connection 15 36 0.337048 )
( connection 15 37 0.236874 )
( connection 15 38 0.225026 )
( connection 15 39 0.308034 )
( connection 15 41 0.777286 )
( connection 15 42 0.68101 )
( connection 16 1 0.364732 )
( connection 16 2 0.276897 )
( connection 16 3 0.286907 )
( connection 16 4 0.38317 )
( connection 16 8 0.605135 )
( connection 16 12 0.457276 )
( connection 16 15 0.107469 )
( connection 16 17 0.122026 )
( connection 16 32 0.665102 )
( connection 16 33 0.527661 )
( connection 16 41 0.880078 )
( connection 16 42 0.783966 )
( connection 17 1 0.486745 )
( connection 17 12 0.578595 )
( connection 17 16 0.122026 )
( connection 17 18 0.112965 )
( connection 17 28 0.452296 )
( connection 17 29 0.504513 )
( connection 18 17 0.112965 )
( connection 18 19 0.100654 )
( connection 18 26 0.410567 )
( connection 18 27 0.353136 )
( connection 18 29 0.393536 )
( connection 18 38 0.279578 )
( connection 18 39 0.327451 )
( connection 19 2 0.321494 )
( connection 19 3 0.283272 )
( connection 19 4 0.360617 )
( connection 19 6 0.654556 )
( connection 19 7 0.585739 )
( connection 19 8 0.552479 )
( connection 19 12 0.521804 )
( connection 19 15 0.123004 )
( connection 19 18 0.100654 )
( connection 19 27 0.261632 )
( connection 19 28 0.259134 )
( connection 19 29 0.319938 )
( connection 19 33 0.44525 )
( connection 19 37 0.22364 )
( connection 19 38 0.178924 )
( connection 19 39 0.232186 )
( connection 20 3 0.539025 )
( connection 20 5 0.534723 )
( connection 20 9 0.44224 )
( connection 20 21 0.104899 )
( connection 20 24 0.115645 )
( connection 20 26 0.291978 )
( connection 20 32 0.266143 )
( connection 20 34 0.176398 )
( connection 20 35 0.169674 )
( connection 20 36 0.303136 )
( connection 20 39 0.371168 )
( connection 20 40 0.267146 )
( connection 20 42 0.343551 )
( connection 20 43 0.216015 )
( connection 20 44 0.324213 )
( connection 21 0 0.526408 )
( connection 21 4 0.443587 )
( connection 21 12 0.680956 )
( connection 21 13 0.585994 )
( connection 21 14 0.580898 )
( connection 21 20 0.104899 )
( connection 21 22 0.1003 )
( connection 21 25 0.168694 )
( connection 21 26 0.189396 )
( connection 21 33 0.290459 )
( connection 21 34 0.150609 )
( connection 21 35 0.203498 )
( connection 21 36 0.24239 )
( connection 21 39 0.270633 )
( connection 21 40 0.174156 )
( connection 21 42 0.403336 )
( connection 21 43 0.288591 )
( connection 21 44 0.413428 )
( connection 22 10 0.716538 )
( connection 22 13 0.600866 )
( connection 22 14 0.611127 )
( connection 22 21 0.1003 )
( connection 22 23 0.111473 )
( connection 22 25 0.0706731 )
( connection 22 26 0.110911 )
( connection 22 31 0.0952487 )
( connection 22 33 0.328621 )
( connection 22 34 0.204361 )
( connection 22 35 0.284581 )
( connection 22 36 0.240402 )
( connection 22 40 0.129434 )
( connection 22 42 0.487911 )
( connection 22 43 0.381613 )
( connection 22 44 0.51098 )
( connection 23 22 0.111473 )
( connection 23 24 0.082073 )
( connection 23 25 0.168908 )
( connection 23 26 0.22125 )
( connection 23 30 0.21746 )
( connection 23 31 0.15493 )
( connection 24 20 0.115645 )
( connection 24 23 0.082073 )
( connection 24 42 0.459169 )
( connection 24 43 0.330925 )
( connection 24 44 0.430284 )
( connection 25 7 0.571811 )
( connection 25 14 0.618943 )
( connection 25 21 0.168694 )
( connection 25 22 0.0706731 )
( connection 25 23 0.168908 )
( connection 25 26 0.0650924 )
( connection 25 31 0.058878 )
( connection 25 33 0.349876 )
( connection 25 34 0.244025 )
( connection 25 35 0.335513 )
( connection 25 36 0.24078 )
( connection 25 40 0.116178 )
( connection 25 43 0.439486 )
( connection 25 44 0.572668 )
( connection 26 8 0.438787 )
( connection 26 18 0.410567 )
( connection 26 20 0.291978 )
( connection 26 21 0.189396 )
( connection 26 22 0.110911 )
( connection 26 23 0.22125 )
( connection 26 25 0.0650924 )
( connection 26 27 0.0682116 )
( connection 26 33 0.305164 )
( connection 26 34 0.219765 )
( connection 26 35 0.319119 )
( connection 26 39 0.0831421 )
( connection 26 40 0.0639588 )
( connection 26 43 0.429776 )
( connection 26 44 0.567346 )
( connection 27 15 0.344806 )
( connection 27 18 0.353136 )
( connection 27 19 0.261632 )
( connection 27 26 0.0682116 )
( connection 27 28 0.0640534 )
( connection 27 34 0.281637 )
( connection 27 35 0.382753 )
( connection 27 38 0.135492 )
( connection 27 39 0.0402108 )
( connection 27 40 0.118504 )
( connection 27 43 0.494927 )
( connection 27 44 0.633299 )
( connection 28 2 0.489214 )
( connection 28 3 0.418254 )
( connection 28 15 0.359442 )
( connection 28 17 0.452296 )
( connection 28 19 0.259134 )
( connection 28 27 0.0640534 )
( connection 28 29 0.0675601 )
( connection 28 38 0.176546 )
( connection 28 39 0.0913147 )
( connection 29 15 0.42492 )
( connection 29 17 0.504513 )
( connection 29 18 0.393536 )
( connection 29 19 0.319938 )
( connection 29 28 0.0675601 )
( connection 29 30 0.0761282 )
( connection 30 23 0.21746 )
( connection 30 29 0.0761282 )
( connection 30 31 0.0763346 )
( connection 31 7 0.628694 )
( connection 31 14 0.677582 )
( connection 31 22 0.0952487 )
( connection 31 23 0.15493 )
( connection 31 25 0.058878 )
( connection 31 30 0.0763346 )
( connection 31 33 0.406026 )
( connection 31 34 0.293133 )
( connection 31 35 0.378618 )
( connection 31 36 0.29951 )
( connection 31 40 0.175035 )
( connection 31 43 0.476862 )
( connection 32 0 0.374172 )
( connection 32 1 0.461453 )
( connection 32 3 0.400054 )
( connection 32 4 0.313715 )
( connection 32 5 0.271399 )
( connection 32 8 0.13568 )
( connection 32 9 0.177697 )
( connection 32 13 0.390103 )
( connection 32 14 0.345233 )
( connection 32 16 0.665102 )
( connection 32 20 0.266143 )
( connection 32 33 0.137443 )
( connection 32 35 0.0980274 )
( connection 32 42 0.132684 )
( connection 32 43 0.123108 )
( connection 33 0 0.26271 )
( connection 33 3 0.267513 )
( connection 33 4 0.189801 )
( connection 33 7 0.223342 )
( connection 33 8 0.133781 )
( connection 33 9 0.235992 )
( connection 33 10 0.393663 )
( connection 33 12 0.403322 )
( connection 33 13 0.303757 )
( connection 33 14 0.29047 )
( connection 33 15 0.422554 )
( connection 33 16 0.527661 )
( connection 33 19 0.44525 )
( connection 33 21 0.290459 )
( connection 33 22 0.328621 )
( connection 33 25 0.349876 )
( connection 33 26 0.305164 )
( connection 33 31 0.406026 )
( connection 33 32 0.137443 )
( connection 33 34 0.140575 )
( connection 33 36 0.131044 )
( connection 33 37 0.227178 )
( connection 33 40 0.241212 )
( connection 33 42 0.261782 )
( connection 34 0 0.389428 )
( connection 34 3 0.364284 )
( connection 34 4 0.30897 )
( connection 34 12 0.538667 )
( connection 34 13 0.441088 )
( connection 34 20 0.176398 )
( connection 34 21 0.150609 )
( connection 34 22 0.204361 )
( connection 34 25 0.244025 )
( connection 34 26 0.219765 )
( connection 34 27 0.281637 )
( connection 34 31 0.293133 )
( connection 34 33 0.140575 )
( connection 34 35 0.102215 )
( connection 34 36 0.13604 )
( connection 34 40 0.163535 )
( connection 34 43 0.216583 )
( connection 34 44 0.356346 )
( connection 35 5 0.369284 )
( connection 35 9 0.275694 )
( connection 35 20 0.169674 )
( connection 35 21 0.203498 )
( connection 35 22 0.284581 )
( connection 35 25 0.335513 )
( connection 35 26 0.319119 )
( connection 35 27 0.382753 )
( connection 35 31 0.378618 )
( connection 35 32 0.0980274 )
( connection 35 34 0.102215 )
( connection 35 40 0.265252 )
( connection 35 42 0.203347 )
( connection 35 43 0.114726 )
( connection 36 3 0.239436 )
( connection 36 4 0.207102 )
( connection 36 7 0.338806 )
( connection 36 8 0.262412 )
( connection 36 9 0.366837 )
( connection 36 12 0.448897 )
( connection 36 13 0.360819 )
( connection 36 14 0.378208 )
( connection 36 15 0.337048 )
( connection 36 20 0.303136 )
( connection 36 21 0.24239 )
( connection 36 22 0.240402 )
( connection 36 25 0.24078 )
( connection 36 31 0.29951 )
( connection 36 33 0.131044 )
( connection 36 34 0.13604 )
( connection 36 37 0.109069 )
( connection 36 40 0.124845 )
( connection 37 2 0.276084 )
( connection 37 3 0.197661 )
( connection 37 4 0.213671 )
( connection 37 7 0.403999 )
( connection 37 8 0.347395 )
( connection 37 9 0.455332 )
( connection 37 14 0.414781 )
( connection 37 15 0.236874 )
( connection 37 19 0.22364 )
( connection 37 33 0.227178 )
( connection 37 36 0.109069 )
( connection 37 38 0.0661673 )
( connection 38 2 0.314604 )
( connection 38 3 0.241869 )
( connection 38 4 0.27384 )
( connection 38 7 0.470078 )
( connection 38 14 0.477662 )
( connection 38 15 0.225026 )
( connection 38 18 0.279578 )
( connection 38 19 0.178924 )
( connection 38 27 0.135492 )
( connection 38 28 0.176546 )
( connection 38 37 0.0661673 )
( connection 38 39 0.0952832 )
( connection 39 15 0.308034 )
( connection 39 18 0.327451 )
( connection 39 19 0.232186 )
( connection 39 20 0.371168 )
( connection 39 21 0.270633 )
( connection 39 26 0.0831421 )
( connection 39 27 0.0402108 )
( connection 39 28 0.0913147 )
( connection 39 38 0.0952832 )
( connection 39 40 0.112299 )
( connection 40 7 0.459841 )
( connection 40 8 0.374829 )
( connection 40 20 0.267146 )
( connection 40 21 0.174156 )
( connection 40 22 0.129434 )
( connection 40 25 0.116178 )
( connection 40 26 0.0639588 )
( connection 40 27 0.118504 )
( connection 40 31 0.175035 )
( connection 40 33 0.241212 )
( connection 40 34 0.163535 )
( connection 40 35 0.265252 )
( connection 40 36 0.124845 )
( connection 40 39 0.112299 )
( connection 40 43 0.378497 )
( connection 40 44 0.51767 )
( connection 41 3 0.602518 )
( connection 41 4 0.508292 )
( connection 41 5 0.259013 )
( connection 41 8 0.285065 )
( connection 41 9 0.216979 )
( connection 41 15 0.777286 )
( connection 41 16 0.880078 )
( connection 41 42 0.0963007 )
( connection 41 44 0.107064 )
( connection 42 0 0.459058 )
( connection 42 3 0.507658 )
( connection 42 4 0.414302 )
( connection 42 5 0.220025 )
( connection 42 8 0.194328 )
( connection 42 9 0.149449 )
( connection 42 15 0.68101 )
( connection 42 16 0.783966 )
( connection 42 20 0.343551 )
( connection 42 21 0.403336 )
( connection 42 22 0.487911 )
( connection 42 24 0.459169 )
( connection 42 32 0.132684 )
( connection 42 33 0.261782 )
( connection 42 35 0.203347 )
( connection 42 41 0.0963007 )
( connection 42 43 0.131326 )
( connection 43 1 0.584542 )
( connection 43 5 0.342341 )
( connection 43 8 0.252389 )
( connection 43 9 0.257987 )
( connection 43 13 0.511893 )
( connection 43 20 0.216015 )
( connection 43 21 0.288591 )
( connection 43 22 0.381613 )
( connection 43 24 0.330925 )
( connection 43 25 0.439486 )
( connection 43 26 0.429776 )
( connection 43 27 0.494927 )
( connection 43 31 0.476862 )
( connection 43 32 0.123108 )
( connection 43 34 0.216583 )
( connection 43 35 0.114726 )
( connection 43 40 0.378497 )
( connection 43 42 0.131326 )
( connection 43 44 0.139803 )
( connection 44 20 0.324213 )
( connection 44 21 0.413428 )
( connection 44 22 0.51098 )
( connection 44 24 0.430284 )
( connection 44 25 0.572668 )
( connection 44 26 0.567346 )
( connection 44 27 0.633299 )
( connection 44 34 0.356346 )
( connection 44 40 0.51767 )
( connection 44 41 0.107064 )
( connection 44 43 0.139803 )
