( num nodes 187 )
( name nodes 0 1 2 3 4 5 6 7 8 9 10 11 12 13 14 15 16 17 18 19 20 21 22 23 24 25 26 27 28 29 30 31 32 33 34 35 36 37 38 39 40 41 42 43 44 45 46 47 48 49 50 51 52 53 54 55 56 57 58 59 60 61 62 63 64 65 66 67 68 69 70 71 72 73 74 75 76 77 78 79 80 81 82 83 84 85 86 87 88 89 90 91 92 93 94 95 96 97 98 99 100 101 102 103 104 105 106 107 108 109 110 111 112 113 114 115 116 117 118 119 120 121 122 123 124 125 126 127 128 129 130 131 132 133 134 135 136 137 138 139 140 141 142 143 144 145 146 147 148 149 150 151 152 153 154 155 156 157 158 159 160 161 162 163 164 165 166 167 168 169 170 171 172 173 174 175 176 177 178 179 180 181 182 183 184 185 186 )
( node 0 0.1 0.1 )
( node 1 0.1 1.89 )
( node 2 -0.09 1.89 )
( node 3 -0.09 0.1 )
( node 4 0.1 2.09 )
( node 5 0.1 1.9 )
( node 6 1.9 1.9 )
( node 7 1.9 2.09 )
( node 8 2.09 0.1 )
( node 9 2.09 1.9 )
( node 10 1.9 1.9 )
( node 11 1.9 0.1 )
( node 12 0.1 0.1 )
( node 13 0.1 -0.09 )
( node 14 1.9 -0.09 )
( node 15 1.9 0.1 )
( node 16 0.743248 1.7118 )
( node 17 0.553901 1.61487 )
( node 18 0.557465 1.45405 )
( node 19 0.761853 1.27674 )
( node 20 0.861563 1.54074 )
( node 21 1.05388 1.20026 )
( node 22 0.843664 1.32757 )
( node 23 0.781448 1.13664 )
( node 24 0.76943 1.03327 )
( node 25 0.860261 0.958301 )
( node 26 1.09602 0.897763 )
( node 27 1.05587 1.10726 )
( node 28 0.648789 0.751325 )
( node 29 0.472292 0.641637 )
( node 30 0.411058 0.448139 )
( node 31 0.673543 0.341805 )
( node 32 0.761845 0.556862 )
( node 33 1.21036 0.864728 )
( node 34 0.945477 0.862727 )
( node 35 1.01591 0.582288 )
( node 36 1.19892 0.539072 )
( node 37 1.38544 0.704883 )
( node 38 1.76659 1.35023 )
( node 39 1.57533 1.18384 )
( node 40 1.55789 1.03053 )
( node 41 1.77095 0.879679 )
( node 42 1.87709 1.10779 )
( node 43 1.84307 1.58439 )
( node 44 1.64242 1.54965 )
( node 45 1.55515 1.36716 )
( node 46 1.67221 1.28182 )
( node 47 1.81527 1.19851 )
( node 48 1.94284 1.39327 )
( node 49 1.34789 0.615923 )
( node 50 1.04913 0.518533 )
( node 51 1.12728 0.302082 )
( node 52 1.33191 0.147156 )
( node 53 1.43167 0.396925 )
( node 54 1.63208 1.11645 )
( node 55 1.40473 1.0665 )
( node 56 1.36266 0.998777 )
( node 57 1.22745 0.842132 )
( node 58 1.43411 0.752625 )
( node 59 1.63064 0.763641 )
( node 60 1.63959 0.921339 )
( node 61 1.23198 1.99382 )
( node 62 1.01039 1.80972 )
( node 63 1.00974 1.6417 )
( node 64 1.21573 1.52029 )
( node 65 1.32718 1.72121 )
( node 66 1.23668 1.71841 )
( node 67 1.08059 1.61396 )
( node 68 1.01297 1.4363 )
( node 69 1.27681 1.29118 )
( node 70 1.37492 1.54093 )
( node 71 1.6228 0.748792 )
( node 72 1.44254 0.804737 )
( node 73 1.32055 0.59139 )
( node 74 1.456 0.494678 )
( node 75 1.63605 0.416008 )
( node 76 1.68315 0.634813 )
( node 77 2.00624 1.09746 )
( node 78 1.75837 0.98636 )
( node 79 1.64375 0.932928 )
( node 80 1.67623 0.810111 )
( node 81 1.73917 0.600795 )
( node 82 1.92867 0.76198 )
( node 83 1.94605 0.833556 )
( node 84 1.71932 0.457132 )
( node 85 1.50082 0.316385 )
( node 86 1.44583 0.0546289 )
( node 87 1.70015 0.0763354 )
( node 88 1.8341 0.18727 )
( node 89 1.59533 1.50314 )
( node 90 1.45164 1.42064 )
( node 91 1.33139 1.15677 )
( node 92 1.60954 1.19492 )
( node 93 1.7859 1.30967 )
( node 94 0.341208 1.44386 )
( node 95 0.146178 1.42811 )
( node 96 0.0563639 1.3229 )
( node 97 0.0503743 1.18468 )
( node 98 0.152673 1.10443 )
( node 99 0.322111 1.09185 )
( node 100 0.396795 1.24971 )
( node 101 0.590757 1.39853 )
( node 102 0.416871 1.31427 )
( node 103 0.36611 1.21483 )
( node 104 0.403094 1.04914 )
( node 105 0.584252 1.05252 )
( node 106 0.713492 1.18623 )
( node 107 0.344775 0.436852 )
( node 108 0.065665 0.275909 )
( node 109 0.107915 0.100159 )
( node 110 0.323409 -0.0513002 )
( node 111 0.372358 0.182736 )
( node 112 0.376206 1.18949 )
( node 113 0.0830662 0.925868 )
( node 114 0.369662 0.776418 )
( node 115 0.508319 0.932698 )
( node 116 1.65178 1.98969 )
( node 117 1.40233 1.85503 )
( node 118 1.23169 1.86809 )
( node 119 1.25418 1.6264 )
( node 120 1.40279 1.50342 )
( node 121 1.57507 1.61313 )
( node 122 1.56786 1.70539 )
( node 123 1.08663 0.587052 )
( node 124 0.893169 0.509022 )
( node 125 0.902416 0.320247 )
( node 126 1.08309 0.243772 )
( node 127 1.21959 0.412054 )
( node 128 0.972741 1.7902 )
( node 129 0.669621 1.73691 )
( node 130 0.788049 1.52449 )
( node 131 0.955677 1.35042 )
( node 132 1.0882 1.61347 )
( node 133 1.24509 1.12251 )
( node 134 1.11048 1.07332 )
( node 135 1.01074 0.989381 )
( node 136 1.05993 0.801423 )
( node 137 1.3101 0.750946 )
( node 138 1.34726 0.977908 )
( node 139 0.693423 0.44312 )
( node 140 0.385307 0.207235 )
( node 141 0.692955 0.102361 )
( node 142 0.994521 0.207458 )
( node 143 0.337476 1.80472 )
( node 144 0.192462 1.82809 )
( node 145 0.0475905 1.75949 )
( node 146 0.0445051 1.55587 )
( node 147 0.194416 1.49714 )
( node 148 0.335268 1.5143 )
( node 149 0.393093 1.65909 )
( node 150 0.455123 0.719589 )
( node 151 0.260239 0.596174 )
( node 152 0.1107 0.596547 )
( node 153 0.140633 0.401381 )
( node 154 0.259475 0.186063 )
( node 155 0.397573 0.360306 )
( node 156 0.459581 0.421351 )
( node 157 1.78629 1.84917 )
( node 158 1.52941 1.68521 )
( node 159 1.78673 1.43224 )
( node 160 2.03282 1.68486 )
( node 161 0.803292 0.935526 )
( node 162 0.663869 0.960776 )
( node 163 0.431984 0.919762 )
( node 164 0.541918 0.723466 )
( node 165 0.645238 0.579723 )
( node 166 0.782569 0.704698 )
( node 167 0.828882 0.78272 )
( node 168 1.27027 0.394974 )
( node 169 1.08512 0.358313 )
( node 170 0.923527 0.217735 )
( node 171 1.08847 0.00868171 )
( node 172 1.24167 0.0850545 )
( node 173 1.3268 0.176755 )
( node 174 0.524942 0.952814 )
( node 175 0.370495 0.903417 )
( node 176 0.287978 0.8139 )
( node 177 0.332217 0.641768 )
( node 178 0.567984 0.608723 )
( node 179 0.590148 0.801138 )
( node 180 0.907792 1.45864 )
( node 181 0.709609 1.50488 )
( node 182 0.582978 1.37847 )
( node 183 0.61175 1.23477 )
( node 184 0.700021 1.15045 )
( node 185 0.923974 1.12615 )
( node 186 0.916831 1.31815 )
( connection 0 1 1.79 )
( connection 0 109 0.0079166 )
( connection 0 141 0.59296 )
( connection 1 0 1.79 )
( connection 1 6 1.80003 )
( connection 1 10 1.80003 )
( connection 1 62 0.913918 )
( connection 1 128 0.878429 )
( connection 1 129 0.589834 )
( connection 1 143 0.252325 )
( connection 1 144 0.111272 )
( connection 2 3 1.79 )
( connection 3 2 1.79 )
( connection 4 7 1.8 )
( connection 5 6 1.8 )
( connection 5 117 1.30311 )
( connection 5 144 0.117131 )
( connection 6 1 1.80003 )
( connection 6 5 1.8 )
( connection 7 4 1.8 )
( connection 8 9 1.8 )
( connection 9 8 1.8 )
( connection 10 1 1.80003 )
( connection 10 11 1.8 )
( connection 11 10 1.8 )
( connection 11 84 0.400236 )
( connection 11 88 0.109358 )
( connection 12 15 1.8 )
( connection 12 109 0.0079166 )
( connection 12 141 0.59296 )
( connection 13 14 1.8 )
( connection 14 13 1.8 )
( connection 15 12 1.8 )
( connection 15 84 0.400236 )
( connection 15 88 0.109358 )
( connection 17 18 0.160852 )
( connection 17 94 0.272915 )
( connection 17 95 0.448462 )
( connection 17 102 0.330353 )
( connection 17 129 0.168183 )
( connection 17 143 0.287894 )
( connection 17 148 0.240653 )
( connection 17 149 0.166777 )
( connection 18 17 0.160852 )
( connection 18 94 0.216498 )
( connection 18 101 0.0647412 )
( connection 18 102 0.198256 )
( connection 18 143 0.413957 )
( connection 18 147 0.365598 )
( connection 18 148 0.230221 )
( connection 18 149 0.262785 )
( connection 21 27 0.0930229 )
( connection 21 44 0.684435 )
( connection 21 55 0.37548 )
( connection 21 68 0.239555 )
( connection 21 69 0.240753 )
( connection 21 89 0.620402 )
( connection 21 90 0.454728 )
( connection 21 91 0.280897 )
( connection 21 131 0.179423 )
( connection 21 133 0.20641 )
( connection 21 134 0.138987 )
( connection 21 186 0.180778 )
( connection 23 24 0.104074 )
( connection 23 105 0.214391 )
( connection 23 162 0.211553 )
( connection 23 174 0.315578 )
( connection 23 184 0.0825897 )
( connection 24 23 0.104074 )
( connection 24 25 0.117771 )
( connection 24 34 0.245105 )
( connection 24 35 0.513942 )
( connection 24 105 0.186176 )
( connection 24 161 0.10344 )
( connection 24 162 0.128055 )
( connection 24 174 0.257385 )
( connection 24 184 0.136198 )
( connection 25 24 0.117771 )
( connection 25 34 0.128047 )
( connection 25 35 0.406956 )
( connection 25 105 0.291647 )
( connection 25 124 0.450482 )
( connection 25 125 0.639445 )
( connection 25 161 0.0613526 )
( connection 25 162 0.196407 )
( connection 25 167 0.178363 )
( connection 27 21 0.0930229 )
( connection 27 39 0.52507 )
( connection 27 69 0.287471 )
( connection 27 90 0.504817 )
( connection 27 91 0.279931 )
( connection 27 121 0.724898 )
( connection 27 133 0.18983 )
( connection 27 134 0.0642954 )
( connection 32 34 0.356755 )
( connection 32 35 0.255338 )
( connection 32 124 0.139767 )
( connection 32 125 0.275222 )
( connection 32 166 0.149282 )
( connection 32 167 0.235596 )
( connection 34 24 0.245105 )
( connection 34 25 0.128047 )
( connection 34 32 0.356755 )
( connection 34 35 0.28915 )
( connection 34 105 0.408049 )
( connection 34 124 0.357552 )
( connection 34 161 0.159738 )
( connection 34 166 0.226963 )
( connection 34 167 0.141406 )
( connection 35 24 0.513942 )
( connection 35 25 0.406956 )
( connection 35 32 0.255338 )
( connection 35 34 0.28915 )
( connection 35 124 0.142948 )
( connection 35 161 0.412293 )
( connection 35 166 0.263503 )
( connection 35 167 0.274141 )
( connection 35 184 0.650075 )
( connection 38 159 0.0844467 )
( connection 39 27 0.52507 )
( connection 39 55 0.207056 )
( connection 39 91 0.245434 )
( connection 39 133 0.335886 )
( connection 44 21 0.684435 )
( connection 44 89 0.066188 )
( connection 44 90 0.230307 )
( connection 44 120 0.244055 )
( connection 44 121 0.0925547 )
( connection 52 53 0.268953 )
( connection 52 81 0.609628 )
( connection 52 85 0.239096 )
( connection 53 52 0.268953 )
( connection 53 74 0.100735 )
( connection 53 75 0.205269 )
( connection 53 84 0.293882 )
( connection 53 85 0.106152 )
( connection 55 21 0.37548 )
( connection 55 39 0.207056 )
( connection 55 56 0.0797262 )
( connection 55 68 0.538723 )
( connection 55 69 0.258543 )
( connection 55 91 0.116301 )
( connection 55 131 0.53128 )
( connection 55 133 0.169181 )
( connection 55 186 0.548973 )
( connection 56 55 0.0797262 )
( connection 56 68 0.560098 )
( connection 56 69 0.304749 )
( connection 56 91 0.161054 )
( connection 56 120 0.506232 )
( connection 56 133 0.170686 )
( connection 59 60 0.157952 )
( connection 59 71 0.0167893 )
( connection 59 76 0.139118 )
( connection 59 79 0.169794 )
( connection 59 80 0.065097 )
( connection 59 81 0.195699 )
( connection 60 59 0.157952 )
( connection 60 76 0.289818 )
( connection 60 79 0.012313 )
( connection 60 80 0.117107 )
( connection 60 81 0.335656 )
( connection 60 84 0.471005 )
( connection 60 88 0.759402 )
( connection 62 1 0.913918 )
( connection 62 128 0.0424082 )
( connection 62 129 0.348458 )
( connection 62 143 0.672929 )
( connection 62 144 0.81813 )
( connection 68 21 0.239555 )
( connection 68 55 0.538723 )
( connection 68 56 0.560098 )
( connection 68 69 0.301112 )
( connection 68 91 0.423709 )
( connection 68 94 0.671804 )
( connection 68 95 0.866831 )
( connection 68 131 0.103232 )
( connection 68 133 0.390309 )
( connection 68 134 0.375846 )
( connection 68 186 0.15232 )
( connection 69 21 0.240753 )
( connection 69 27 0.287471 )
( connection 69 55 0.258543 )
( connection 69 56 0.304749 )
( connection 69 68 0.301112 )
( connection 69 90 0.217545 )
( connection 69 91 0.145076 )
( connection 69 120 0.246809 )
( connection 69 121 0.43888 )
( connection 69 131 0.326549 )
( connection 69 133 0.171629 )
( connection 69 134 0.274096 )
( connection 69 186 0.360985 )
( connection 71 59 0.0167893 )
( connection 71 76 0.128968 )
( connection 71 80 0.081326 )
( connection 71 81 0.188267 )
( connection 74 53 0.100735 )
( connection 74 75 0.196489 )
( connection 74 85 0.183841 )
( connection 75 53 0.205269 )
( connection 75 74 0.196489 )
( connection 75 76 0.223817 )
( connection 75 81 0.211613 )
( connection 75 84 0.09287 )
( connection 75 85 0.167966 )
( connection 76 59 0.139118 )
( connection 76 60 0.289818 )
( connection 76 71 0.128968 )
( connection 76 75 0.223817 )
( connection 76 79 0.300707 )
( connection 76 80 0.175434 )
( connection 76 81 0.065542 )
( connection 76 84 0.181326 )
( connection 76 88 0.472314 )
( connection 79 59 0.169794 )
( connection 79 60 0.012313 )
( connection 79 76 0.300707 )
( connection 79 80 0.127038 )
( connection 79 84 0.48176 )
( connection 79 88 0.76957 )
( connection 80 59 0.065097 )
( connection 80 60 0.117107 )
( connection 80 71 0.081326 )
( connection 80 76 0.175434 )
( connection 80 79 0.127038 )
( connection 80 81 0.218576 )
( connection 80 84 0.3556 )
( connection 80 88 0.642538 )
( connection 81 52 0.609628 )
( connection 81 59 0.195699 )
( connection 81 60 0.335656 )
( connection 81 71 0.188267 )
( connection 81 75 0.211613 )
( connection 81 76 0.065542 )
( connection 81 80 0.218576 )
( connection 81 84 0.145028 )
( connection 81 85 0.371082 )
( connection 81 88 0.424281 )
( connection 84 11 0.400236 )
( connection 84 15 0.400236 )
( connection 84 53 0.293882 )
( connection 84 60 0.471005 )
( connection 84 75 0.09287 )
( connection 84 76 0.181326 )
( connection 84 79 0.48176 )
( connection 84 80 0.3556 )
( connection 84 81 0.145028 )
( connection 84 85 0.259908 )
( connection 84 88 0.293257 )
( connection 85 52 0.239096 )
( connection 85 53 0.106152 )
( connection 85 74 0.183841 )
( connection 85 75 0.167966 )
( connection 85 81 0.371082 )
( connection 85 84 0.259908 )
( connection 88 11 0.109358 )
( connection 88 15 0.109358 )
( connection 88 60 0.759402 )
( connection 88 76 0.472314 )
( connection 88 79 0.76957 )
( connection 88 80 0.642538 )
( connection 88 81 0.424281 )
( connection 88 84 0.293257 )
( connection 89 21 0.620402 )
( connection 89 44 0.066188 )
( connection 89 90 0.165688 )
( connection 89 120 0.192539 )
( connection 89 121 0.111839 )
( connection 90 21 0.454728 )
( connection 90 27 0.504817 )
( connection 90 44 0.230307 )
( connection 90 69 0.217545 )
( connection 90 89 0.165688 )
( connection 90 91 0.289984 )
( connection 90 95 1.30548 )
( connection 90 120 0.0961137 )
( connection 90 121 0.228667 )
( connection 90 133 0.362694 )
( connection 90 134 0.48685 )
( connection 91 21 0.280897 )
( connection 91 27 0.279931 )
( connection 91 39 0.245434 )
( connection 91 55 0.116301 )
( connection 91 56 0.161054 )
( connection 91 68 0.423709 )
( connection 91 69 0.145076 )
( connection 91 90 0.289984 )
( connection 91 120 0.353927 )
( connection 91 131 0.422687 )
( connection 91 133 0.092853 )
( connection 91 134 0.236146 )
( connection 91 186 0.444865 )
( connection 94 17 0.272915 )
( connection 94 18 0.216498 )
( connection 94 68 0.671804 )
( connection 94 95 0.195666 )
( connection 94 101 0.253632 )
( connection 94 102 0.150056 )
( connection 94 129 0.440152 )
( connection 94 147 0.156164 )
( connection 94 148 0.0706944 )
( connection 94 149 0.221394 )
( connection 95 17 0.448462 )
( connection 95 68 0.866831 )
( connection 95 90 1.30548 )
( connection 95 94 0.195666 )
( connection 95 147 0.0842185 )
( connection 95 148 0.207809 )
( connection 98 152 0.50961 )
( connection 101 18 0.0647412 )
( connection 101 94 0.253632 )
( connection 101 102 0.193223 )
( connection 101 143 0.478686 )
( connection 101 147 0.408425 )
( connection 101 148 0.280496 )
( connection 101 149 0.327049 )
( connection 102 17 0.330353 )
( connection 102 18 0.198256 )
( connection 102 94 0.150056 )
( connection 102 101 0.193223 )
( connection 102 148 0.216033 )
( connection 102 149 0.345631 )
( connection 105 23 0.214391 )
( connection 105 24 0.186176 )
( connection 105 25 0.291647 )
( connection 105 34 0.408049 )
( connection 105 161 0.248326 )
( connection 105 162 0.121472 )
( connection 105 174 0.116012 )
( connection 105 184 0.151635 )
( connection 109 0 0.0079166 )
( connection 109 12 0.0079166 )
( connection 109 141 0.585044 )
( connection 111 140 0.0277106 )
( connection 111 155 0.179351 )
( connection 111 156 0.254057 )
( connection 117 5 1.30311 )
( connection 117 157 0.383999 )
( connection 120 44 0.244055 )
( connection 120 56 0.506232 )
( connection 120 69 0.246809 )
( connection 120 89 0.192539 )
( connection 120 90 0.0961137 )
( connection 120 91 0.353927 )
( connection 120 121 0.204256 )
( connection 120 133 0.412261 )
( connection 120 134 0.520026 )
( connection 121 27 0.724898 )
( connection 121 44 0.0925547 )
( connection 121 69 0.43888 )
( connection 121 89 0.111839 )
( connection 121 90 0.228667 )
( connection 121 120 0.204256 )
( connection 121 133 0.591272 )
( connection 121 134 0.712212 )
( connection 124 25 0.450482 )
( connection 124 32 0.139767 )
( connection 124 34 0.357552 )
( connection 124 35 0.142948 )
( connection 124 125 0.189002 )
( connection 124 161 0.435871 )
( connection 124 166 0.22477 )
( connection 124 167 0.281146 )
( connection 125 25 0.639445 )
( connection 125 32 0.275222 )
( connection 125 124 0.189002 )
( connection 125 166 0.402699 )
( connection 125 167 0.468283 )
( connection 127 168 0.0534805 )
( connection 128 1 0.878429 )
( connection 128 62 0.0424082 )
( connection 128 129 0.307769 )
( connection 129 1 0.589834 )
( connection 129 17 0.168183 )
( connection 129 62 0.348458 )
( connection 129 94 0.440152 )
( connection 129 128 0.307769 )
( connection 129 143 0.338996 )
( connection 129 148 0.401679 )
( connection 129 149 0.28727 )
( connection 131 21 0.179423 )
( connection 131 55 0.53128 )
( connection 131 68 0.103232 )
( connection 131 69 0.326549 )
( connection 131 91 0.422687 )
( connection 131 133 0.36838 )
( connection 131 134 0.317411 )
( connection 131 186 0.0505028 )
( connection 133 21 0.20641 )
( connection 133 27 0.18983 )
( connection 133 39 0.335886 )
( connection 133 55 0.169181 )
( connection 133 56 0.170686 )
( connection 133 68 0.390309 )
( connection 133 69 0.171629 )
( connection 133 90 0.362694 )
( connection 133 91 0.092853 )
( connection 133 120 0.412261 )
( connection 133 121 0.591272 )
( connection 133 131 0.36838 )
( connection 133 134 0.143315 )
( connection 133 186 0.382136 )
( connection 134 21 0.138987 )
( connection 134 27 0.0642954 )
( connection 134 68 0.375846 )
( connection 134 69 0.274096 )
( connection 134 90 0.48685 )
( connection 134 91 0.236146 )
( connection 134 120 0.520026 )
( connection 134 121 0.712212 )
( connection 134 131 0.317411 )
( connection 134 133 0.143315 )
( connection 140 111 0.0277106 )
( connection 140 141 0.325032 )
( connection 140 155 0.153562 )
( connection 140 156 0.226633 )
( connection 141 0 0.59296 )
( connection 141 12 0.59296 )
( connection 141 109 0.585044 )
( connection 141 140 0.325032 )
( connection 143 1 0.252325 )
( connection 143 17 0.287894 )
( connection 143 18 0.413957 )
( connection 143 62 0.672929 )
( connection 143 101 0.478686 )
( connection 143 129 0.338996 )
( connection 143 144 0.146886 )
( connection 143 149 0.155891 )
( connection 144 1 0.111272 )
( connection 144 5 0.117131 )
( connection 144 62 0.81813 )
( connection 144 143 0.146886 )
( connection 144 157 1.59396 )
( connection 147 18 0.365598 )
( connection 147 94 0.156164 )
( connection 147 95 0.0842185 )
( connection 147 101 0.408425 )
( connection 147 148 0.141894 )
( connection 148 17 0.240653 )
( connection 148 18 0.230221 )
( connection 148 94 0.0706944 )
( connection 148 95 0.207809 )
( connection 148 101 0.280496 )
( connection 148 102 0.216033 )
( connection 148 129 0.401679 )
( connection 148 147 0.141894 )
( connection 148 149 0.155905 )
( connection 149 17 0.166777 )
( connection 149 18 0.262785 )
( connection 149 94 0.221394 )
( connection 149 101 0.327049 )
( connection 149 102 0.345631 )
( connection 149 129 0.28727 )
( connection 149 143 0.155891 )
( connection 149 148 0.155905 )
( connection 151 152 0.149539 )
( connection 151 176 0.219486 )
( connection 152 98 0.50961 )
( connection 152 151 0.149539 )
( connection 152 153 0.197448 )
( connection 152 176 0.280481 )
( connection 152 177 0.226086 )
( connection 153 152 0.197448 )
( connection 155 111 0.179351 )
( connection 155 140 0.153562 )
( connection 155 156 0.087014 )
( connection 156 111 0.254057 )
( connection 156 140 0.226633 )
( connection 156 155 0.087014 )
( connection 157 117 0.383999 )
( connection 157 144 1.59396 )
( connection 159 38 0.0844467 )
( connection 161 24 0.10344 )
( connection 161 25 0.0613526 )
( connection 161 34 0.159738 )
( connection 161 35 0.412293 )
( connection 161 105 0.248326 )
( connection 161 124 0.435871 )
( connection 161 162 0.141691 )
( connection 161 167 0.154934 )
( connection 161 184 0.238449 )
( connection 162 23 0.211553 )
( connection 162 24 0.128055 )
( connection 162 25 0.196407 )
( connection 162 105 0.121472 )
( connection 162 161 0.141691 )
( connection 162 174 0.139155 )
( connection 162 184 0.19309 )
( connection 166 32 0.149282 )
( connection 166 34 0.226963 )
( connection 166 35 0.263503 )
( connection 166 124 0.22477 )
( connection 166 125 0.402699 )
( connection 166 167 0.0907317 )
( connection 167 25 0.178363 )
( connection 167 32 0.235596 )
( connection 167 34 0.141406 )
( connection 167 35 0.274141 )
( connection 167 124 0.281146 )
( connection 167 125 0.468283 )
( connection 167 161 0.154934 )
( connection 167 166 0.0907317 )
( connection 168 127 0.0534805 )
( connection 174 23 0.315578 )
( connection 174 24 0.257385 )
( connection 174 105 0.116012 )
( connection 174 162 0.139155 )
( connection 174 184 0.264033 )
( connection 176 151 0.219486 )
( connection 176 152 0.280481 )
( connection 176 177 0.177727 )
( connection 177 152 0.226086 )
( connection 177 176 0.177727 )
( connection 184 23 0.0825897 )
( connection 184 24 0.136198 )
( connection 184 35 0.650075 )
( connection 184 105 0.151635 )
( connection 184 161 0.238449 )
( connection 184 162 0.19309 )
( connection 184 174 0.264033 )
( connection 186 21 0.180778 )
( connection 186 55 0.548973 )
( connection 186 68 0.15232 )
( connection 186 69 0.360985 )
( connection 186 91 0.444865 )
( connection 186 131 0.0505028 )
( connection 186 133 0.382136 )
