8 256
0.000036 0.142852 0.214260 0.214260 0.142852 0.000036 0.142852 0.142852 
0.214260 0.214260 0.071444 0.214260 0.071444 0.071444 0.142852 0.000036 
0.230737 0.153837 0.153837 0.076938 0.000038 0.000038 0.230737 0.153837 
0.000038 0.230737 0.230737 0.153837 0.000038 0.000038 0.153837 0.230737 
0.142852 0.142852 0.142852 0.142852 0.000036 0.071444 0.142852 0.214260 
0.000050 0.299930 0.199970 0.100010 0.299930 0.100010 0.000050 0.000050 
0.230737 0.000038 0.230737 0.153837 0.000038 0.000038 0.153837 0.230737 
0.125000 0.125000 0.187484 0.000031 0.125000 0.187484 0.062516 0.187484 
0.000100 0.399780 0.000100 0.000100 0.000100 0.000100 0.599620 0.000100 
0.000250 0.000250 0.000250 0.000250 0.000250 0.000250 0.998254 0.000250 
0.222179 0.111117 0.000056 0.333241 0.000056 0.000056 0.333241 0.000056 
0.000045 0.090921 0.000045 0.181798 0.272674 0.000045 0.181798 0.272674 
0.083347 0.000042 0.083347 0.000042 0.249958 0.249958 0.166653 0.166653 
0.000083 0.000083 0.000083 0.166639 0.000083 0.333195 0.000083 0.499750 
0.199940 0.199940 0.000100 0.000100 0.000100 0.399780 0.000100 0.199940 
0.000166 0.998835 0.000166 0.000166 0.000166 0.000166 0.000166 0.000166 
0.076938 0.230737 0.153837 0.230737 0.000038 0.076938 0.230737 0.000038 
0.000083 0.499750 0.000083 0.000083 0.166639 0.000083 0.166639 0.166639 
0.076938 0.076938 0.153837 0.076938 0.230737 0.153837 0.230737 0.000038 
0.333194 0.333194 0.166639 0.000083 0.166639 0.000083 0.000083 0.000083 
0.199980 0.000033 0.199980 0.199980 0.066682 0.199980 0.000033 0.133331 
0.111117 0.333241 0.333241 0.000056 0.000056 0.222179 0.000056 0.000056 
0.153837 0.076938 0.000038 0.230737 0.230737 0.000038 0.230737 0.076938 
0.249938 0.000062 0.000062 0.249938 0.125000 0.000062 0.374875 0.000062 
0.111117 0.111117 0.000056 0.000056 0.111117 0.333241 0.111117 0.222179 
0.125000 0.000062 0.000062 0.000062 0.125000 0.374875 0.000062 0.374875 
0.111117 0.111117 0.000056 0.111117 0.000056 0.222179 0.222179 0.222179 
0.000056 0.000056 0.333241 0.000056 0.333241 0.000056 0.222179 0.111117 
0.076938 0.153837 0.000038 0.230737 0.153837 0.153837 0.153837 0.076938 
0.222179 0.111117 0.222179 0.000056 0.000056 0.111117 0.000056 0.333241 
0.125000 0.249938 0.000062 0.000062 0.000062 0.249938 0.000062 0.374875 
0.090921 0.181798 0.181798 0.090921 0.090921 0.181798 0.090921 0.090921 
0.428398 0.000071 0.142847 0.000071 0.000071 0.000071 0.428398 0.000071 
0.181798 0.090921 0.090921 0.090921 0.090921 0.090921 0.272674 0.090921 
0.181798 0.090921 0.272674 0.090921 0.181798 0.000045 0.090921 0.090921 
0.176458 0.176458 0.117649 0.058839 0.058839 0.176458 0.117649 0.117649 
0.083347 0.249958 0.083347 0.083347 0.249958 0.083347 0.000042 0.166653 
0.125000 0.249938 0.125000 0.000062 0.374875 0.000062 0.000062 0.125000 
0.000071 0.000071 0.428398 0.428398 0.000071 0.000071 0.000071 0.142847 
0.249938 0.000062 0.000062 0.000062 0.000062 0.249938 0.249938 0.249938 
0.111117 0.222179 0.000056 0.222179 0.000056 0.111117 0.333241 0.000056 
0.000100 0.599620 0.000100 0.000100 0.000100 0.000100 0.399780 0.000100 
0.142847 0.428398 0.000071 0.000071 0.000071 0.000071 0.428398 0.000071 
0.181798 0.090921 0.181798 0.000045 0.000045 0.181798 0.090921 0.272674 
0.199970 0.100010 0.100010 0.100010 0.199970 0.000050 0.100010 0.199970 
0.181798 0.000045 0.090921 0.272674 0.090921 0.090921 0.000045 0.272674 
0.000062 0.249938 0.000062 0.249938 0.249938 0.000062 0.000062 0.249938 
0.000083 0.499750 0.000083 0.000083 0.000083 0.499750 0.000083 0.000083 
0.272674 0.181798 0.000045 0.000045 0.000045 0.272674 0.090921 0.181798 
0.176458 0.176458 0.117649 0.000029 0.176458 0.176458 0.000029 0.176458 
0.199980 0.000033 0.066682 0.133331 0.133331 0.199980 0.066682 0.199980 
0.187484 0.062516 0.125000 0.062516 0.187484 0.062516 0.125000 0.187484 
0.000062 0.000062 0.000062 0.125000 0.249938 0.249938 0.125000 0.249938 
0.142852 0.000036 0.142852 0.142852 0.214260 0.000036 0.214260 0.142852 
0.333195 0.000083 0.000083 0.166639 0.333195 0.000083 0.000083 0.166639 
0.272674 0.181798 0.090921 0.000045 0.181798 0.000045 0.000045 0.272674 
0.153837 0.230737 0.000038 0.230737 0.000038 0.153837 0.153837 0.076938 
0.142852 0.214260 0.071444 0.142852 0.000036 0.214260 0.214260 0.000036 
0.166653 0.249958 0.249958 0.000042 0.083347 0.083347 0.083347 0.083347 
0.000062 0.125000 0.000062 0.000062 0.000062 0.249938 0.374875 0.249938 
0.100010 0.299930 0.000050 0.000050 0.000050 0.199970 0.199970 0.199970 
0.000038 0.230737 0.076938 0.076938 0.076938 0.230737 0.076938 0.230737 
0.000045 0.272674 0.000045 0.090921 0.090921 0.272674 0.272674 0.000045 
0.000045 0.181798 0.000045 0.272674 0.181798 0.181798 0.181798 0.000045 
0.083347 0.166653 0.000042 0.083347 0.166653 0.249958 0.000042 0.249958 
0.249958 0.083347 0.249958 0.083347 0.166653 0.000042 0.000042 0.166653 
0.181798 0.181798 0.272674 0.090921 0.090921 0.000045 0.000045 0.181798 
0.142852 0.142852 0.071444 0.142852 0.000036 0.214260 0.071444 0.214260 
0.000045 0.090921 0.000045 0.181798 0.272674 0.000045 0.181798 0.272674 
0.100010 0.100010 0.299930 0.000050 0.000050 0.299930 0.100010 0.100010 
0.000056 0.333241 0.000056 0.111117 0.222179 0.111117 0.222179 0.000056 
0.071444 0.214260 0.214260 0.000036 0.214260 0.000036 0.142852 0.142852 
0.333241 0.333241 0.000056 0.222179 0.000056 0.000056 0.111117 0.000056 
0.083347 0.249958 0.083347 0.249958 0.083347 0.083347 0.166653 0.000042 
0.272674 0.181798 0.090921 0.181798 0.000045 0.000045 0.272674 0.000045 
0.000083 0.000083 0.000083 0.499750 0.000083 0.000083 0.333195 0.166639 
0.333056 0.000166 0.000166 0.333056 0.000166 0.000166 0.000166 0.333056 
0.249958 0.249958 0.083347 0.000042 0.083347 0.083347 0.000042 0.249958 
0.187484 0.125000 0.000031 0.187484 0.125000 0.187484 0.125000 0.062516 
0.000100 0.399780 0.000100 0.000100 0.000100 0.599620 0.000100 0.000100 
0.199980 0.133331 0.133331 0.066682 0.000033 0.199980 0.133331 0.133331 
0.133331 0.199980 0.133331 0.199980 0.066682 0.199980 0.000033 0.066682 
0.214260 0.000036 0.142852 0.142852 0.214260 0.000036 0.142852 0.142852 
0.000083 0.000083 0.000083 0.333195 0.499750 0.000083 0.000083 0.166639 
0.071444 0.000036 0.214260 0.214260 0.071444 0.071444 0.214260 0.142852 
0.000042 0.166653 0.083347 0.083347 0.166653 0.249958 0.000042 0.249958 
0.249958 0.166653 0.000042 0.083347 0.166653 0.166653 0.000042 0.166653 
0.090921 0.000045 0.090921 0.090921 0.000045 0.272674 0.181798 0.272674 
0.166657 0.111114 0.166657 0.055571 0.111114 0.166657 0.166657 0.055571 
0.000038 0.153837 0.230737 0.230737 0.000038 0.230737 0.153837 0.000038 
0.187484 0.125000 0.125000 0.187484 0.062516 0.187484 0.000031 0.125000 
0.199970 0.000050 0.199970 0.199970 0.100010 0.199970 0.100010 0.000050 
0.181798 0.181798 0.000045 0.090921 0.000045 0.272674 0.181798 0.090921 
0.100010 0.100010 0.199970 0.100010 0.100010 0.199970 0.100010 0.100010 
0.000036 0.071444 0.142852 0.214260 0.214260 0.142852 0.071444 0.142852 
0.222179 0.111117 0.000056 0.000056 0.111117 0.333241 0.222179 0.000056 
0.000071 0.000071 0.428398 0.142847 0.142847 0.000071 0.285622 0.000071 
0.083347 0.166653 0.166653 0.083347 0.166653 0.000042 0.166653 0.166653 
0.111117 0.333241 0.111117 0.000056 0.000056 0.000056 0.333241 0.111117 
0.166653 0.000042 0.000042 0.249958 0.249958 0.083347 0.083347 0.166653 
0.230737 0.076938 0.153837 0.230737 0.076938 0.230737 0.000038 0.000038 
0.000045 0.090921 0.090921 0.181798 0.181798 0.000045 0.181798 0.272674 
0.111117 0.222179 0.111117 0.000056 0.111117 0.111117 0.000056 0.333241 
0.000056 0.000056 0.111117 0.222179 0.000056 0.333241 0.333241 0.000056 
0.000036 0.214260 0.071444 0.142852 0.142852 0.214260 0.214260 0.000036 
0.249875 0.249875 0.000125 0.000125 0.000125 0.000125 0.499625 0.000125 
0.142847 0.142847 0.000071 0.285622 0.000071 0.000071 0.428398 0.000071 
0.066682 0.066682 0.199980 0.199980 0.199980 0.066682 0.000033 0.199980 
0.153837 0.153837 0.153837 0.153837 0.000038 0.153837 0.153837 0.076938 
0.272674 0.090921 0.181798 0.000045 0.272674 0.000045 0.000045 0.181798 
0.000050 0.000050 0.299930 0.199970 0.000050 0.100010 0.100010 0.299930 
0.100010 0.000050 0.199970 0.199970 0.000050 0.100010 0.100010 0.299930 
0.199940 0.000100 0.199940 0.000100 0.199940 0.199940 0.000100 0.199940 
0.153837 0.000038 0.076938 0.076938 0.153837 0.076938 0.230737 0.230737 
0.000045 0.000045 0.272674 0.272674 0.272674 0.090921 0.090921 0.000045 
0.199970 0.000050 0.100010 0.299930 0.000050 0.199970 0.000050 0.199970 
0.374875 0.125000 0.125000 0.000062 0.374875 0.000062 0.000062 0.000062 
0.153837 0.076938 0.153837 0.076938 0.230737 0.000038 0.230737 0.076938 
0.111114 0.055571 0.166657 0.166657 0.166657 0.166657 0.000028 0.166657 
0.000045 0.181798 0.090921 0.090921 0.181798 0.272674 0.000045 0.181798 
0.272674 0.272674 0.090921 0.181798 0.000045 0.000045 0.181798 0.000045 
0.125000 0.249938 0.000062 0.125000 0.000062 0.125000 0.249938 0.125000 
0.125000 0.125000 0.187484 0.187484 0.187484 0.000031 0.187484 0.000031 
0.166653 0.000042 0.083347 0.083347 0.166653 0.000042 0.249958 0.249958 
0.230737 0.230737 0.000038 0.230737 0.230737 0.076938 0.000038 0.000038 
0.000056 0.111117 0.222179 0.222179 0.000056 0.333241 0.000056 0.111117 
0.249958 0.166653 0.000042 0.166653 0.166653 0.083347 0.166653 0.000042 
0.000056 0.222179 0.000056 0.333241 0.111117 0.222179 0.111117 0.000056 
0.071444 0.071444 0.214260 0.000036 0.214260 0.214260 0.000036 0.214260 
0.249938 0.125000 0.249938 0.125000 0.000062 0.125000 0.125000 0.000062 
0.000045 0.090921 0.272674 0.090921 0.090921 0.272674 0.090921 0.090921 
0.272674 0.090921 0.000045 0.181798 0.090921 0.272674 0.090921 0.000045 
0.199980 0.000033 0.133331 0.199980 0.066682 0.199980 0.066682 0.133331 
0.071444 0.214260 0.142852 0.214260 0.071444 0.142852 0.142852 0.000036 
0.071444 0.214260 0.214260 0.071444 0.000036 0.071444 0.142852 0.214260 
0.083347 0.083347 0.083347 0.083347 0.083347 0.249958 0.083347 0.249958 
0.333194 0.333194 0.000083 0.000083 0.000083 0.000083 0.333194 0.000083 
0.249875 0.000125 0.000125 0.000125 0.000125 0.000125 0.749376 0.000125 
0.299930 0.299930 0.000050 0.299930 0.000050 0.000050 0.100010 0.000050 
0.285623 0.285623 0.000071 0.142847 0.142847 0.000071 0.000071 0.142847 
0.153837 0.230737 0.230737 0.000038 0.230737 0.000038 0.000038 0.153837 
0.222179 0.222179 0.000056 0.000056 0.000056 0.333241 0.000056 0.222179 
0.000071 0.428398 0.142847 0.000071 0.000071 0.428398 0.000071 0.000071 
0.000125 0.749376 0.000125 0.000125 0.000125 0.249875 0.000125 0.000125 
0.000056 0.111117 0.111117 0.111117 0.111117 0.222179 0.333241 0.000056 
0.214260 0.000036 0.071444 0.071444 0.214260 0.214260 0.214260 0.000036 
0.000033 0.133331 0.199980 0.133331 0.199980 0.066682 0.199980 0.066682 
0.100010 0.000050 0.000050 0.199970 0.299930 0.100010 0.000050 0.299930 
0.062516 0.062516 0.125000 0.125000 0.187484 0.187484 0.125000 0.125000 
0.272674 0.000045 0.181798 0.000045 0.181798 0.181798 0.090921 0.090921 
0.000028 0.055571 0.111114 0.166657 0.166657 0.166657 0.166657 0.166657 
0.100010 0.100010 0.000050 0.199970 0.000050 0.299930 0.100010 0.199970 
0.176458 0.058839 0.117649 0.176458 0.176458 0.058839 0.176458 0.058839 
0.153837 0.076938 0.153837 0.076938 0.230737 0.153837 0.076938 0.076938 
0.000033 0.133331 0.133331 0.133331 0.066682 0.199980 0.133331 0.199980 
0.083347 0.083347 0.000042 0.166653 0.166653 0.166653 0.083347 0.249958 
0.062516 0.000031 0.187484 0.187484 0.187484 0.125000 0.187484 0.062516 
0.000036 0.000036 0.214260 0.142852 0.214260 0.071444 0.214260 0.142852 
0.071444 0.214260 0.071444 0.071444 0.142852 0.142852 0.071444 0.214260 
0.299930 0.100010 0.100010 0.000050 0.000050 0.000050 0.299930 0.199970 
0.199940 0.000100 0.000100 0.199940 0.000100 0.000100 0.599620 0.000100 
0.285622 0.000071 0.285622 0.000071 0.000071 0.000071 0.428398 0.000071 
0.000050 0.000050 0.199970 0.199970 0.199970 0.299930 0.000050 0.100010 
0.166653 0.000042 0.249958 0.166653 0.083347 0.000042 0.166653 0.166653 
0.230737 0.076938 0.000038 0.000038 0.153837 0.230737 0.153837 0.153837 
0.181798 0.090921 0.181798 0.000045 0.181798 0.181798 0.090921 0.090921 
0.000038 0.230737 0.230737 0.230737 0.000038 0.153837 0.000038 0.153837 
0.214260 0.142852 0.142852 0.000036 0.071444 0.000036 0.214260 0.214260 
0.181798 0.181798 0.090921 0.181798 0.090921 0.090921 0.181798 0.000045 
0.000250 0.998254 0.000250 0.000250 0.000250 0.000250 0.000250 0.000250 
0.066682 0.199980 0.199980 0.199980 0.000033 0.133331 0.133331 0.066682 
0.214260 0.000036 0.071444 0.071444 0.214260 0.214260 0.071444 0.142852 
0.090921 0.272674 0.181798 0.000045 0.181798 0.090921 0.181798 0.000045 
0.142852 0.142852 0.071444 0.071444 0.214260 0.214260 0.071444 0.071444 
0.111117 0.333241 0.222179 0.000056 0.222179 0.111117 0.000056 0.000056 
0.071444 0.214260 0.071444 0.214260 0.142852 0.000036 0.214260 0.071444 
0.272674 0.272674 0.000045 0.000045 0.000045 0.181798 0.000045 0.272674 
0.090921 0.272674 0.272674 0.090921 0.000045 0.090921 0.090921 0.090921 
0.230737 0.000038 0.230737 0.076938 0.230737 0.000038 0.230737 0.000038 
0.214260 0.071444 0.142852 0.000036 0.142852 0.214260 0.214260 0.000036 
0.133331 0.199980 0.199980 0.000033 0.000033 0.199980 0.133331 0.133331 
0.187484 0.125000 0.125000 0.125000 0.187484 0.062516 0.187484 0.000031 
0.058839 0.176458 0.176458 0.000029 0.117649 0.176458 0.117649 0.176458 
0.153837 0.153837 0.076938 0.153837 0.153837 0.230737 0.076938 0.000038 
0.000038 0.230737 0.000038 0.230737 0.230737 0.000038 0.076938 0.230737 
0.153837 0.000038 0.230737 0.153837 0.000038 0.153837 0.153837 0.153837 
0.000036 0.142852 0.214260 0.071444 0.142852 0.142852 0.214260 0.071444 
0.076938 0.230737 0.000038 0.230737 0.230737 0.076938 0.076938 0.076938 
0.111117 0.000056 0.333241 0.222179 0.000056 0.111117 0.222179 0.000056 
0.000045 0.181798 0.090921 0.000045 0.090921 0.090921 0.272674 0.272674 
0.125000 0.374875 0.000062 0.000062 0.000062 0.374875 0.000062 0.125000 
0.125000 0.187484 0.062516 0.125000 0.000031 0.187484 0.125000 0.187484 
0.066682 0.199980 0.066682 0.199980 0.199980 0.066682 0.000033 0.199980 
0.166653 0.249958 0.000042 0.000042 0.249958 0.000042 0.083347 0.249958 
0.214260 0.071444 0.000036 0.142852 0.000036 0.142852 0.214260 0.214260 
0.153837 0.153837 0.153837 0.153837 0.076938 0.076938 0.230737 0.000038 
0.133331 0.199980 0.066682 0.199980 0.199980 0.199980 0.000033 0.000033 
0.090921 0.272674 0.000045 0.000045 0.181798 0.181798 0.000045 0.272674 
0.142847 0.000071 0.000071 0.000071 0.000071 0.428398 0.142847 0.285623 
0.142852 0.071444 0.142852 0.142852 0.214260 0.071444 0.000036 0.214260 
0.000250 0.998254 0.000250 0.000250 0.000250 0.000250 0.000250 0.000250 
0.000166 0.000166 0.000166 0.000166 0.000166 0.000166 0.998835 0.000166 
0.000250 0.000250 0.000250 0.000250 0.000250 0.000250 0.998254 0.000250 
0.090921 0.181798 0.000045 0.272674 0.181798 0.000045 0.181798 0.090921 
0.000050 0.100010 0.100010 0.000050 0.299930 0.100010 0.100010 0.299930 
0.181798 0.272674 0.000045 0.000045 0.090921 0.181798 0.090921 0.181798 
0.000083 0.000083 0.000083 0.000083 0.000083 0.499750 0.000083 0.499750 
0.000083 0.499750 0.000083 0.000083 0.000083 0.499750 0.000083 0.000083 
0.199980 0.066682 0.199980 0.133331 0.066682 0.199980 0.133331 0.000033 
0.230737 0.230737 0.153837 0.076938 0.000038 0.000038 0.230737 0.076938 
0.599620 0.000100 0.000100 0.199940 0.000100 0.199940 0.000100 0.000100 
0.083347 0.249958 0.166653 0.000042 0.083347 0.083347 0.249958 0.083347 
0.214260 0.142852 0.071444 0.142852 0.142852 0.000036 0.142852 0.142852 
0.166653 0.000042 0.000042 0.083347 0.166653 0.249958 0.083347 0.249958 
0.153837 0.153837 0.000038 0.076938 0.230737 0.076938 0.230737 0.076938 
0.000062 0.374875 0.000062 0.000062 0.000062 0.249938 0.374875 0.000062 
0.083347 0.166653 0.166653 0.166653 0.166653 0.083347 0.166653 0.000042 
0.230737 0.230737 0.076938 0.153837 0.153837 0.076938 0.076938 0.000038 
0.125000 0.125000 0.249938 0.249938 0.000062 0.125000 0.000062 0.125000 
0.181798 0.000045 0.181798 0.000045 0.181798 0.000045 0.181798 0.272674 
0.230737 0.230737 0.000038 0.076938 0.000038 0.000038 0.230737 0.230737 
0.000033 0.199980 0.133331 0.133331 0.199980 0.066682 0.199980 0.066682 
0.333241 0.222179 0.000056 0.000056 0.111117 0.111117 0.222179 0.000056 
0.000071 0.000071 0.000071 0.428398 0.000071 0.142847 0.000071 0.428398 
0.066682 0.199980 0.133331 0.199980 0.066682 0.066682 0.199980 0.066682 
0.176458 0.117649 0.058839 0.117649 0.176458 0.117649 0.117649 0.117649 
0.000083 0.000083 0.000083 0.000083 0.000083 0.499750 0.333195 0.166639 
0.214260 0.214260 0.000036 0.142852 0.142852 0.000036 0.071444 0.214260 
0.055571 0.111114 0.111114 0.166657 0.111114 0.166657 0.166657 0.111114 
0.125000 0.125000 0.187484 0.125000 0.062516 0.187484 0.000031 0.187484 
0.230737 0.000038 0.230737 0.076938 0.000038 0.153837 0.076938 0.230737 
0.166653 0.249958 0.000042 0.166653 0.000042 0.166653 0.249958 0.000042 
0.090921 0.272674 0.090921 0.272674 0.090921 0.090921 0.090921 0.000045 
0.083347 0.166653 0.083347 0.166653 0.083347 0.249958 0.166653 0.000042 
0.117649 0.176458 0.117649 0.176458 0.117649 0.000029 0.117649 0.176458 
0.199970 0.299930 0.000050 0.000050 0.299930 0.000050 0.000050 0.199970 
0.199980 0.000033 0.199980 0.066682 0.000033 0.133331 0.199980 0.199980 
0.083347 0.249958 0.083347 0.166653 0.249958 0.166653 0.000042 0.000042 
0.181798 0.000045 0.181798 0.000045 0.090921 0.272674 0.181798 0.090921 
0.214260 0.000036 0.214260 0.214260 0.000036 0.142852 0.071444 0.142852 
0.000062 0.000062 0.125000 0.374875 0.125000 0.249938 0.000062 0.125000 
0.000038 0.076938 0.153837 0.230737 0.230737 0.076938 0.153837 0.076938 
0.199970 0.100010 0.199970 0.000050 0.000050 0.100010 0.299930 0.100010 
0.000042 0.249958 0.083347 0.249958 0.083347 0.000042 0.249958 0.083347 
0.000083 0.000083 0.333195 0.000083 0.166639 0.000083 0.000083 0.499750 
0.176458 0.176458 0.176458 0.117649 0.058839 0.117649 0.117649 0.058839 
0.142854 0.095244 0.142854 0.142854 0.142854 0.142854 0.047634 0.142854 
0.000071 0.142847 0.000071 0.000071 0.000071 0.428398 0.000071 0.428398 
0.374875 0.249938 0.000062 0.000062 0.000062 0.000062 0.374875 0.000062 
0.000125 0.499625 0.000125 0.000125 0.000125 0.000125 0.499625 0.000125 
0.214260 0.142852 0.071444 0.000036 0.142852 0.214260 0.071444 0.142852 
0.166653 0.249958 0.083347 0.166653 0.000042 0.000042 0.166653 0.166653 
0.299930 0.199970 0.000050 0.100010 0.199970 0.100010 0.100010 0.000050 
0.187484 0.187484 0.062516 0.062516 0.125000 0.187484 0.000031 0.187484 
0.133331 0.199980 0.066682 0.066682 0.133331 0.066682 0.133331 0.199980 
0.000071 0.428398 0.000071 0.000071 0.000071 0.000071 0.428398 0.142847 
