( num nodes 61 )
( name nodes 0 1 2 3 4 5 6 7 8 9 10 11 12 13 14 15 16 17 18 19 20 21 22 23 24 25 26 27 28 29 30 31 32 33 34 35 36 37 38 39 40 41 42 43 44 45 46 47 48 49 50 51 52 53 54 55 56 57 58 59 60 )
( node 0 -0.03 -0.03 )
( node 1 0.04 -0.03 )
( node 2 0.04 1.02 )
( node 3 -0.03 1.02 )
( node 4 -0.03 0.96 )
( node 5 1.03 0.96 )
( node 6 1.03 1.03 )
( node 7 -0.03 1.03 )
( node 8 0.96 -0.03 )
( node 9 1.03 -0.03 )
( node 10 1.03 1.03 )
( node 11 0.96 1.03 )
( node 12 -0.03 -0.03 )
( node 13 1.03 -0.03 )
( node 14 1.03 0.04 )
( node 15 -0.03 0.04 )
( node 16 0.309586 0.61346 )
( node 17 0.189308 0.628337 )
( node 18 0.217041 0.493586 )
( node 19 0.315722 0.455619 )
( node 20 0.406093 0.55544 )
( node 21 0.551159 0.911151 )
( node 22 0.444551 0.843409 )
( node 23 0.443559 0.751798 )
( node 24 0.558021 0.661845 )
( node 25 0.604948 0.798625 )
( node 26 0.293035 0.872038 )
( node 27 0.201998 0.799921 )
( node 28 0.159018 0.687175 )
( node 29 0.293772 0.662144 )
( node 30 0.3722 0.753384 )
( node 31 0.243641 0.319579 )
( node 32 0.123351 0.261315 )
( node 33 0.088254 0.10508 )
( node 34 0.232864 0.122464 )
( node 35 0.340182 0.190655 )
( node 36 0.854639 0.48032 )
( node 37 0.761416 0.376829 )
( node 38 0.690117 0.249614 )
( node 39 0.848256 0.248954 )
( node 40 0.913283 0.332186 )
( node 41 0.6891 0.246156 )
( node 42 0.61476 0.286829 )
( node 43 0.553089 0.220738 )
( node 44 0.544932 0.139716 )
( node 45 0.614141 0.0826543 )
( node 46 0.709442 0.0879647 )
( node 47 0.733405 0.188437 )
( node 48 0.679554 0.673671 )
( node 49 0.531721 0.562596 )
( node 50 0.679679 0.444701 )
( node 51 0.750592 0.562402 )
( node 52 0.549454 0.464434 )
( node 53 0.44626 0.366474 )
( node 54 0.441991 0.281458 )
( node 55 0.544041 0.208334 )
( node 56 0.632299 0.323449 )
( node 57 0.795954 0.860738 )
( node 58 0.704135 0.768486 )
( node 59 0.795459 0.616904 )
( node 60 0.907232 0.769034 )
( connection 0 1 0.07 )
( connection 0 3 1.05 )
( connection 0 7 1.06 )
( connection 1 0 0.07 )
( connection 3 0 1.05 )
( connection 3 6 1.06005 )
( connection 3 7 0.00999999 )
( connection 3 10 1.06005 )
( connection 3 12 1.05 )
( connection 5 6 0.0700001 )
( connection 5 13 0.99 )
( connection 5 14 0.92 )
( connection 6 3 1.06005 )
( connection 6 5 0.0700001 )
( connection 6 7 1.06 )
( connection 6 13 1.06 )
( connection 6 14 0.99 )
( connection 7 0 1.06 )
( connection 7 3 0.00999999 )
( connection 7 6 1.06 )
( connection 8 9 0.0700001 )
( connection 9 8 0.0700001 )
( connection 9 10 1.06 )
( connection 9 13 1.19209e-07 )
( connection 9 14 0.07 )
( connection 10 3 1.06005 )
( connection 10 9 1.06 )
( connection 10 11 0.0700001 )
( connection 10 13 1.06 )
( connection 10 14 0.99 )
( connection 11 10 0.0700001 )
( connection 12 3 1.05 )
( connection 12 13 1.06 )
( connection 13 5 0.99 )
( connection 13 6 1.06 )
( connection 13 9 1.19209e-07 )
( connection 13 10 1.06 )
( connection 13 12 1.06 )
( connection 13 14 0.07 )
( connection 14 5 0.92 )
( connection 14 6 0.99 )
( connection 14 9 0.07 )
( connection 14 10 0.99 )
( connection 14 13 0.07 )
( connection 16 17 0.121195 )
( connection 16 20 0.112605 )
( connection 16 22 0.266631 )
( connection 16 23 0.192578 )
( connection 16 24 0.253102 )
( connection 16 28 0.167645 )
( connection 16 29 0.0511884 )
( connection 16 30 0.153294 )
( connection 16 37 0.510043 )
( connection 16 48 0.374835 )
( connection 16 49 0.227883 )
( connection 16 50 0.406753 )
( connection 17 16 0.121195 )
( connection 17 18 0.137575 )
( connection 17 24 0.370232 )
( connection 17 28 0.0661773 )
( connection 17 29 0.109798 )
( connection 17 31 0.313502 )
( connection 17 32 0.372902 )
( connection 17 33 0.532926 )
( connection 17 48 0.492337 )
( connection 18 17 0.137575 )
( connection 18 19 0.105733 )
( connection 18 28 0.202098 )
( connection 18 31 0.176028 )
( connection 18 32 0.250455 )
( connection 18 35 0.327003 )
( connection 18 44 0.482428 )
( connection 18 53 0.262105 )
( connection 18 54 0.309194 )
( connection 19 18 0.105733 )
( connection 19 20 0.134652 )
( connection 19 24 0.318179 )
( connection 19 31 0.153956 )
( connection 19 32 0.273424 )
( connection 19 35 0.266091 )
( connection 19 44 0.390297 )
( connection 19 48 0.42417 )
( connection 19 49 0.241038 )
( connection 19 52 0.233898 )
( connection 19 53 0.158073 )
( connection 19 54 0.215118 )
( connection 19 57 0.628287 )
( connection 19 58 0.49875 )
( connection 20 16 0.112605 )
( connection 20 19 0.134652 )
( connection 20 22 0.290525 )
( connection 20 23 0.199901 )
( connection 20 24 0.185484 )
( connection 20 29 0.154925 )
( connection 20 30 0.200825 )
( connection 20 31 0.286393 )
( connection 20 35 0.370692 )
( connection 20 37 0.397689 )
( connection 20 48 0.297925 )
( connection 20 49 0.125831 )
( connection 20 50 0.295148 )
( connection 20 52 0.169807 )
( connection 20 53 0.193188 )
( connection 20 54 0.276323 )
( connection 20 57 0.495175 )
( connection 20 58 0.366358 )
( connection 21 22 0.12631 )
( connection 21 25 0.124721 )
( connection 21 26 0.261071 )
( connection 21 36 0.526987 )
( connection 21 48 0.269966 )
( connection 21 51 0.401745 )
( connection 21 57 0.249932 )
( connection 21 58 0.209177 )
( connection 21 59 0.382444 )
( connection 22 16 0.266631 )
( connection 22 20 0.290525 )
( connection 22 21 0.12631 )
( connection 22 23 0.0916157 )
( connection 22 26 0.154197 )
( connection 22 30 0.115495 )
( connection 22 35 0.661045 )
( connection 23 16 0.192578 )
( connection 23 20 0.199901 )
( connection 23 22 0.0916157 )
( connection 23 24 0.145578 )
( connection 23 26 0.192652 )
( connection 23 29 0.174568 )
( connection 23 30 0.0713769 )
( connection 23 35 0.570587 )
( connection 23 38 0.559446 )
( connection 23 41 0.562107 )
( connection 23 47 0.633551 )
( connection 23 49 0.208734 )
( connection 23 52 0.306254 )
( connection 23 53 0.385334 )
( connection 23 54 0.470343 )
( connection 23 56 0.468087 )
( connection 24 16 0.253102 )
( connection 24 17 0.370232 )
( connection 24 19 0.318179 )
( connection 24 20 0.185484 )
( connection 24 23 0.145578 )
( connection 24 25 0.144606 )
( connection 24 29 0.264249 )
( connection 24 30 0.207144 )
( connection 24 31 0.464738 )
( connection 24 32 0.591069 )
( connection 24 35 0.519109 )
( connection 24 48 0.122107 )
( connection 24 49 0.102675 )
( connection 24 53 0.315808 )
( connection 24 57 0.310113 )
( connection 24 58 0.180892 )
( connection 25 21 0.124721 )
( connection 25 24 0.144606 )
( connection 25 36 0.404554 )
( connection 25 48 0.145532 )
( connection 25 49 0.247128 )
( connection 25 51 0.277513 )
( connection 25 57 0.200851 )
( connection 25 58 0.103665 )
( connection 25 59 0.263281 )
( connection 26 21 0.261071 )
( connection 26 22 0.154197 )
( connection 26 23 0.192652 )
( connection 26 27 0.11614 )
( connection 26 30 0.142639 )
( connection 26 49 0.3908 )
( connection 27 26 0.11614 )
( connection 27 28 0.12066 )
( connection 28 16 0.167645 )
( connection 28 17 0.0661773 )
( connection 28 18 0.202098 )
( connection 28 27 0.12066 )
( connection 28 29 0.137059 )
( connection 28 31 0.377211 )
( connection 28 32 0.427352 )
( connection 28 33 0.586381 )
( connection 28 48 0.520711 )
( connection 28 49 0.392972 )
( connection 28 50 0.574353 )
( connection 29 16 0.0511884 )
( connection 29 17 0.109798 )
( connection 29 20 0.154925 )
( connection 29 23 0.174568 )
( connection 29 24 0.264249 )
( connection 29 28 0.137059 )
( connection 29 30 0.120315 )
( connection 29 37 0.54781 )
( connection 29 48 0.385954 )
( connection 29 49 0.257933 )
( connection 29 50 0.442951 )
( connection 29 52 0.323206 )
( connection 30 16 0.153294 )
( connection 30 20 0.200825 )
( connection 30 22 0.115495 )
( connection 30 23 0.0713769 )
( connection 30 24 0.207144 )
( connection 30 26 0.142639 )
( connection 30 29 0.120315 )
( connection 30 38 0.595697 )
( connection 30 41 0.598085 )
( connection 30 47 0.670548 )
( connection 30 49 0.248691 )
( connection 30 52 0.338985 )
( connection 30 53 0.393935 )
( connection 30 54 0.477058 )
( connection 31 17 0.313502 )
( connection 31 18 0.176028 )
( connection 31 19 0.153956 )
( connection 31 20 0.286393 )
( connection 31 24 0.464738 )
( connection 31 28 0.377211 )
( connection 31 32 0.133658 )
( connection 31 35 0.161064 )
( connection 31 44 0.350895 )
( connection 31 45 0.439777 )
( connection 31 49 0.376891 )
( connection 31 52 0.338385 )
( connection 31 53 0.207975 )
( connection 31 54 0.20198 )
( connection 31 55 0.320337 )
( connection 31 57 0.773242 )
( connection 31 58 0.643097 )
( connection 32 17 0.372902 )
( connection 32 18 0.250455 )
( connection 32 19 0.273424 )
( connection 32 24 0.591069 )
( connection 32 28 0.427352 )
( connection 32 31 0.133658 )
( connection 32 33 0.160128 )
( connection 32 48 0.692387 )
( connection 32 49 0.50748 )
( connection 32 57 0.900945 )
( connection 32 58 0.77106 )
( connection 33 17 0.532926 )
( connection 33 28 0.586381 )
( connection 33 32 0.160128 )
( connection 33 34 0.145651 )
( connection 33 44 0.45799 )
( connection 33 45 0.526365 )
( connection 33 46 0.621424 )
( connection 34 33 0.145651 )
( connection 34 35 0.12715 )
( connection 34 44 0.312545 )
( connection 34 45 0.38335 )
( connection 34 55 0.322807 )
( connection 35 18 0.327003 )
( connection 35 19 0.266091 )
( connection 35 20 0.370692 )
( connection 35 22 0.661045 )
( connection 35 23 0.570587 )
( connection 35 24 0.519109 )
( connection 35 31 0.161064 )
( connection 35 34 0.12715 )
( connection 35 44 0.210992 )
( connection 35 45 0.294479 )
( connection 35 49 0.418362 )
( connection 35 53 0.205341 )
( connection 35 54 0.13642 )
( connection 35 55 0.204624 )
( connection 36 21 0.526987 )
( connection 36 25 0.404554 )
( connection 36 37 0.139287 )
( connection 36 40 0.159319 )
( connection 36 42 0.30819 )
( connection 36 48 0.260844 )
( connection 36 50 0.178549 )
( connection 36 51 0.132527 )
( connection 36 56 0.27211 )
( connection 36 58 0.325102 )
( connection 36 59 0.148854 )
( connection 36 60 0.293465 )
( connection 37 16 0.510043 )
( connection 37 20 0.397689 )
( connection 37 29 0.54781 )
( connection 37 36 0.139287 )
( connection 37 38 0.145832 )
( connection 37 42 0.17207 )
( connection 37 49 0.295414 )
( connection 37 50 0.106243 )
( connection 37 51 0.185889 )
( connection 37 52 0.229353 )
( connection 37 56 0.139717 )
( connection 37 59 0.242477 )
( connection 37 60 0.418434 )
( connection 38 23 0.559446 )
( connection 38 30 0.595697 )
( connection 38 37 0.145832 )
( connection 38 39 0.15814 )
( connection 38 41 0.00360479 )
( connection 38 42 0.0840459 )
( connection 38 47 0.0749436 )
( connection 38 49 0.35078 )
( connection 38 50 0.195365 )
( connection 38 51 0.31858 )
( connection 38 52 0.256776 )
( connection 38 56 0.0937796 )
( connection 38 59 0.382098 )
( connection 38 60 0.56297 )
( connection 39 38 0.15814 )
( connection 39 40 0.105622 )
( connection 39 41 0.15918 )
( connection 39 46 0.212572 )
( connection 39 47 0.129819 )
( connection 40 36 0.159319 )
( connection 40 39 0.105622 )
( connection 40 60 0.436889 )
( connection 41 23 0.562107 )
( connection 41 30 0.598085 )
( connection 41 38 0.00360479 )
( connection 41 39 0.15918 )
( connection 41 42 0.0847394 )
( connection 41 47 0.0727632 )
( connection 41 49 0.353415 )
( connection 41 50 0.198768 )
( connection 41 51 0.322169 )
( connection 41 52 0.259127 )
( connection 41 56 0.09592 )
( connection 41 59 0.385703 )
( connection 41 60 0.566553 )
( connection 42 36 0.30819 )
( connection 42 37 0.17207 )
( connection 42 38 0.0840459 )
( connection 42 41 0.0847394 )
( connection 42 50 0.170699 )
( connection 42 51 0.307232 )
( connection 42 56 0.040604 )
( connection 42 59 0.376301 )
( connection 42 60 0.563969 )
( connection 44 18 0.482428 )
( connection 44 19 0.390297 )
( connection 44 31 0.350895 )
( connection 44 33 0.45799 )
( connection 44 34 0.312545 )
( connection 44 35 0.210992 )
( connection 44 45 0.089699 )
( connection 44 54 0.175179 )
( connection 44 55 0.068623 )
( connection 45 31 0.439777 )
( connection 45 33 0.526365 )
( connection 45 34 0.38335 )
( connection 45 35 0.294479 )
( connection 45 44 0.089699 )
( connection 45 46 0.095449 )
( connection 46 33 0.621424 )
( connection 46 39 0.212572 )
( connection 46 45 0.095449 )
( connection 46 47 0.10329 )
( connection 47 23 0.633551 )
( connection 47 30 0.670548 )
( connection 47 38 0.0749436 )
( connection 47 39 0.129819 )
( connection 47 41 0.0727632 )
( connection 47 46 0.10329 )
( connection 47 49 0.425055 )
( connection 47 50 0.261835 )
( connection 47 52 0.331682 )
( connection 47 56 0.168674 )
( connection 48 16 0.374835 )
( connection 48 17 0.492337 )
( connection 48 19 0.42417 )
( connection 48 20 0.297925 )
( connection 48 21 0.269966 )
( connection 48 24 0.122107 )
( connection 48 25 0.145532 )
( connection 48 28 0.520711 )
( connection 48 29 0.385954 )
( connection 48 32 0.692387 )
( connection 48 36 0.260844 )
( connection 48 49 0.184912 )
( connection 48 51 0.132012 )
( connection 48 58 0.09795 )
( connection 48 59 0.12906 )
( connection 49 16 0.227883 )
( connection 49 19 0.241038 )
( connection 49 20 0.125831 )
( connection 49 23 0.208734 )
( connection 49 24 0.102675 )
( connection 49 25 0.247128 )
( connection 49 26 0.3908 )
( connection 49 28 0.392972 )
( connection 49 29 0.257933 )
( connection 49 30 0.248691 )
( connection 49 31 0.376891 )
( connection 49 32 0.50748 )
( connection 49 35 0.418362 )
( connection 49 37 0.295414 )
( connection 49 38 0.35078 )
( connection 49 41 0.353415 )
( connection 49 47 0.425055 )
( connection 49 48 0.184912 )
( connection 49 50 0.189185 )
( connection 49 52 0.0997502 )
( connection 49 53 0.213933 )
( connection 49 56 0.259436 )
( connection 49 58 0.268548 )
( connection 50 16 0.406753 )
( connection 50 20 0.295148 )
( connection 50 28 0.574353 )
( connection 50 29 0.442951 )
( connection 50 36 0.178549 )
( connection 50 37 0.106243 )
( connection 50 38 0.195365 )
( connection 50 41 0.198768 )
( connection 50 42 0.170699 )
( connection 50 47 0.261835 )
( connection 50 49 0.189185 )
( connection 50 51 0.137413 )
( connection 50 52 0.131712 )
( connection 50 56 0.13018 )
( connection 50 59 0.207507 )
( connection 50 60 0.396197 )
( connection 51 21 0.401745 )
( connection 51 25 0.277513 )
( connection 51 36 0.132527 )
( connection 51 37 0.185889 )
( connection 51 38 0.31858 )
( connection 51 41 0.322169 )
( connection 51 42 0.307232 )
( connection 51 48 0.132012 )
( connection 51 50 0.137413 )
( connection 51 56 0.266631 )
( connection 51 58 0.211255 )
( connection 51 59 0.0705944 )
( connection 52 19 0.233898 )
( connection 52 20 0.169807 )
( connection 52 23 0.306254 )
( connection 52 29 0.323206 )
( connection 52 30 0.338985 )
( connection 52 31 0.338385 )
( connection 52 37 0.229353 )
( connection 52 38 0.256776 )
( connection 52 41 0.259127 )
( connection 52 47 0.331682 )
( connection 52 49 0.0997502 )
( connection 52 50 0.131712 )
( connection 52 53 0.142286 )
( connection 52 56 0.163524 )
( connection 53 18 0.262105 )
( connection 53 19 0.158073 )
( connection 53 20 0.193188 )
( connection 53 23 0.385334 )
( connection 53 24 0.315808 )
( connection 53 30 0.393935 )
( connection 53 31 0.207975 )
( connection 53 35 0.205341 )
( connection 53 49 0.213933 )
( connection 53 52 0.142286 )
( connection 53 54 0.0851224 )
( connection 54 18 0.309194 )
( connection 54 19 0.215118 )
( connection 54 20 0.276323 )
( connection 54 23 0.470343 )
( connection 54 30 0.477058 )
( connection 54 31 0.20198 )
( connection 54 35 0.13642 )
( connection 54 44 0.175179 )
( connection 54 53 0.0851224 )
( connection 54 55 0.125544 )
( connection 55 31 0.320337 )
( connection 55 34 0.322807 )
( connection 55 35 0.204624 )
( connection 55 44 0.068623 )
( connection 55 54 0.125544 )
( connection 55 56 0.145055 )
( connection 56 23 0.468087 )
( connection 56 36 0.27211 )
( connection 56 37 0.139717 )
( connection 56 38 0.0937796 )
( connection 56 41 0.09592 )
( connection 56 42 0.040604 )
( connection 56 47 0.168674 )
( connection 56 49 0.259436 )
( connection 56 50 0.13018 )
( connection 56 51 0.266631 )
( connection 56 52 0.163524 )
( connection 56 55 0.145055 )
( connection 56 59 0.335764 )
( connection 56 60 0.523578 )
( connection 57 19 0.628287 )
( connection 57 20 0.495175 )
( connection 57 21 0.249932 )
( connection 57 24 0.310113 )
( connection 57 25 0.200851 )
( connection 57 31 0.773242 )
( connection 57 32 0.900945 )
( connection 57 58 0.130157 )
( connection 57 60 0.144196 )
( connection 58 19 0.49875 )
( connection 58 20 0.366358 )
( connection 58 21 0.209177 )
( connection 58 24 0.180892 )
( connection 58 25 0.103665 )
( connection 58 31 0.643097 )
( connection 58 32 0.77106 )
( connection 58 36 0.325102 )
( connection 58 48 0.09795 )
( connection 58 49 0.268548 )
( connection 58 51 0.211255 )
( connection 58 57 0.130157 )
( connection 58 59 0.176966 )
( connection 59 21 0.382444 )
( connection 59 25 0.263281 )
( connection 59 36 0.148854 )
( connection 59 37 0.242477 )
( connection 59 38 0.382098 )
( connection 59 41 0.385703 )
( connection 59 42 0.376301 )
( connection 59 48 0.12906 )
( connection 59 50 0.207507 )
( connection 59 51 0.0705944 )
( connection 59 56 0.335764 )
( connection 59 58 0.176966 )
( connection 59 60 0.188776 )
( connection 60 36 0.293465 )
( connection 60 37 0.418434 )
( connection 60 38 0.56297 )
( connection 60 40 0.436889 )
( connection 60 41 0.566553 )
( connection 60 42 0.563969 )
( connection 60 50 0.396197 )
( connection 60 56 0.523578 )
( connection 60 57 0.144196 )
( connection 60 59 0.188776 )
