8
32
8

0.051438 0.114977 0.111952 0.099849 0.157337 0.187594 0.111952 0.164901 

0.128114 0.064057 0.172598 0.133452 0.213523 0.224199 0.058719 0.005339 
0.119048 0.158730 0.081350 0.057540 0.099207 0.117064 0.174603 0.192460 
0.056278 0.000002 0.034634 0.095239 0.056278 0.458869 0.173159 0.125541 
0.088685 0.099389 0.154434 0.165137 0.185015 0.000001 0.145260 0.162079 
0.129964 0.126354 0.113719 0.137184 0.191335 0.032492 0.128159 0.140794 
0.088745 0.106061 0.097403 0.021646 0.199134 0.238094 0.093074 0.155844 
0.159196 0.114374 0.114374 0.129830 0.122102 0.136012 0.040186 0.183925 
0.104266 0.056872 0.086888 0.113744 0.187993 0.187993 0.088468 0.173775 

0.061146 0.041406 0.028406 0.059220 0.056813 0.050554 0.006259 0.016370 0.015888 0.032258 0.017333 0.046702 0.003852 0.008667 0.049591 0.046702 0.033702 0.008185 0.039961 0.048628 0.008667 0.054887 0.007704 0.000963 0.049109 0.013481 0.018777 0.041887 0.060183 0.053442 0.011074 0.008185 
0.043174 0.043174 0.049342 0.015214 0.032072 0.033306 0.000000 0.045641 0.027961 0.008224 0.009457 0.050164 0.043997 0.047697 0.052220 0.023438 0.028783 0.040707 0.032895 0.028372 0.014803 0.021793 0.013569 0.050987 0.037007 0.034128 0.024260 0.050576 0.021382 0.017270 0.022204 0.036184 
0.043107 0.044529 0.038370 0.038370 0.009948 0.010422 0.017527 0.001421 0.014211 0.058266 0.046423 0.056845 0.056371 0.042160 0.027001 0.010895 0.051160 0.021317 0.010895 0.053055 0.001895 0.047371 0.034107 0.005685 0.027949 0.041213 0.004737 0.058740 0.030317 0.051160 0.031265 0.013264 
0.053857 0.026928 0.005021 0.048836 0.021451 0.040164 0.034687 0.021451 0.009585 0.035600 0.046098 0.020082 0.029210 0.044272 0.032405 0.026472 0.011867 0.019169 0.036513 0.019626 0.028754 0.031949 0.013693 0.034231 0.048380 0.027841 0.043816 0.028754 0.024646 0.052031 0.029667 0.052944 
0.039535 0.043798 0.040310 0.044574 0.008915 0.036046 0.038372 0.042248 0.002326 0.041860 0.018992 0.023643 0.047674 0.010078 0.037597 0.016279 0.041860 0.017830 0.011628 0.043798 0.001163 0.047674 0.048837 0.044186 0.032171 0.030233 0.032171 0.033333 0.008140 0.034884 0.047674 0.032171 
0.014755 0.032193 0.029510 0.002012 0.049631 0.004024 0.004024 0.067069 0.042253 0.018779 0.068410 0.075788 0.032193 0.059691 0.025486 0.032864 0.014085 0.015426 0.058350 0.026157 0.054996 0.035547 0.080482 0.032193 0.063045 0.035547 0.000000 0.004024 0.001342 0.010061 0.002683 0.007378 
0.019924 0.021619 0.031793 0.037728 0.000848 0.017804 0.035184 0.034760 0.040271 0.044086 0.036456 0.005087 0.040271 0.012293 0.022891 0.036880 0.027130 0.041119 0.052565 0.023315 0.033489 0.015685 0.037728 0.041543 0.036456 0.025011 0.019500 0.048749 0.043662 0.033065 0.049173 0.033913 
0.022487 0.022046 0.035714 0.049824 0.029101 0.046737 0.044092 0.053792 0.027778 0.034392 0.048060 0.038360 0.006173 0.041446 0.005732 0.031746 0.037037 0.055996 0.026455 0.017196 0.039242 0.021164 0.032628 0.008378 0.045855 0.039242 0.010582 0.003968 0.041887 0.030423 0.042769 0.009700 

0.000001 0.374628 0.005901 0.011801 0.014751 0.300883 0.056048 0.235987 
0.023122 0.242774 0.175337 0.117534 0.015415 0.144509 0.146435 0.134875 
0.090129 0.075108 0.122318 0.259656 0.025752 0.126609 0.133047 0.167382 
0.023295 0.181364 0.148086 0.149750 0.039934 0.169717 0.119800 0.168053 
0.000004 0.007198 0.000004 0.122302 0.000004 0.000004 0.870482 0.000004 
0.000002 0.402023 0.074325 0.000002 0.027028 0.415537 0.057433 0.023650 
0.118734 0.164907 0.155673 0.146438 0.122691 0.116095 0.079156 0.096306 
0.020410 0.005104 0.025512 0.000003 0.188774 0.556114 0.005104 0.198978 
